1.003269672393798828e+00
9.661611318588256836e-01
9.464303255081176758e-01
9.311466217041015625e-01
9.275981187820434570e-01
9.331004619598388672e-01
9.430916309356689453e-01
9.540001153945922852e-01
9.753317832946777344e-01
9.742236137390136719e-01
9.905148744583129883e-01
1.027296900749206543e+00
1.010874509811401367e+00
1.038962483406066895e+00
1.069344520568847656e+00
1.080948710441589355e+00
1.094422578811645508e+00
1.092216849327087402e+00
1.106728196144104004e+00
1.104812502861022949e+00
1.118718147277832031e+00
1.080201268196105957e+00
1.063599228858947754e+00
1.030528426170349121e+00
1.016013741493225098e+00
9.664210081100463867e-01
9.522699117660522461e-01
9.402179718017578125e-01
9.398533105850219727e-01
9.317792654037475586e-01
9.459981918334960938e-01
9.713152647018432617e-01
9.975113868713378906e-01
9.685438871383666992e-01
1.001739382743835449e+00
1.006787538528442383e+00
1.024075865745544434e+00
1.052032232284545898e+00
1.086450338363647461e+00
1.084104299545288086e+00
1.108533978462219238e+00
1.117901682853698730e+00
1.108899950981140137e+00
1.104977965354919434e+00
1.098800063133239746e+00
1.096309661865234375e+00
1.065992593765258789e+00
1.061493754386901855e+00
9.942841529846191406e-01
9.986292123794555664e-01
9.728628396987915039e-01
9.630664587020874023e-01
9.482612609863281250e-01
9.547986984252929688e-01
9.459631443023681641e-01
9.379651546478271484e-01
9.625000953674316406e-01
9.978035688400268555e-01
9.954106807708740234e-01
9.957623481750488281e-01
1.013498783111572266e+00
9.863091707229614258e-01
1.033655881881713867e+00
1.049484491348266602e+00
1.056034207344055176e+00
1.087563872337341309e+00
1.103958964347839355e+00
1.098897099494934082e+00
1.085458517074584961e+00
1.103784441947937012e+00
1.076836109161376953e+00
1.059992551803588867e+00
1.037789463996887207e+00
9.981273412704467773e-01
9.719661474227905273e-01
9.364106655120849609e-01
9.562697410583496094e-01
9.491416215896606445e-01
9.353826045989990234e-01
9.454015493392944336e-01
9.812282323837280273e-01
9.700675010681152344e-01
1.004029273986816406e+00
1.011653900146484375e+00
1.023458003997802734e+00
1.013710737228393555e+00
1.036223888397216797e+00
1.083942174911499023e+00
1.063978433609008789e+00
1.081073403358459473e+00
1.091655373573303223e+00
1.111027240753173828e+00
1.099181532859802246e+00
1.098423480987548828e+00
1.070847034454345703e+00
1.033700108528137207e+00
1.041565299034118652e+00
1.009818911552429199e+00
9.721270799636840820e-01
9.494568109512329102e-01
9.416804313659667969e-01
9.717657566070556641e-01
9.462418556213378906e-01
9.277403354644775391e-01
9.693533182144165039e-01
9.843680858612060547e-01
1.007735848426818848e+00
1.009254455566406250e+00
1.006212592124938965e+00
1.033458590507507324e+00
1.062777161598205566e+00
1.000328302383422852e+00
1.085696101188659668e+00
1.106193900108337402e+00
1.128152966499328613e+00
1.139693975448608398e+00
1.069641947746276855e+00
1.056390166282653809e+00
1.079734086990356445e+00
1.066163778305053711e+00
1.060262680053710938e+00
1.018499255180358887e+00
9.998455047607421875e-01
9.509320259094238281e-01
9.555997848510742188e-01
9.248909950256347656e-01
9.614630937576293945e-01
9.676914215087890625e-01
9.775037765502929688e-01
9.840178489685058594e-01
9.888706207275390625e-01
1.000814437866210938e+00
9.994434118270874023e-01
1.000584006309509277e+00
1.006943225860595703e+00
1.026021599769592285e+00
1.030436635017395020e+00
1.031081795692443848e+00
1.083397150039672852e+00
1.053055644035339355e+00
1.094999790191650391e+00
1.108823299407958984e+00
1.107549309730529785e+00
1.061661243438720703e+00
1.065519094467163086e+00
1.035216569900512695e+00
9.963239431381225586e-01
9.622604846954345703e-01
9.420355558395385742e-01
9.362957477569580078e-01
9.117219448089599609e-01
9.349956512451171875e-01
9.603664875030517578e-01
9.561061859130859375e-01
9.961053133010864258e-01
1.020095467567443848e+00
9.917075634002685547e-01
9.963425397872924805e-01
1.023869276046752930e+00
1.033182144165039062e+00
1.048424601554870605e+00
1.067677736282348633e+00
1.065910220146179199e+00
1.115017890930175781e+00
1.090334892272949219e+00
1.094894886016845703e+00
1.105113625526428223e+00
1.097418904304504395e+00
1.065513491630554199e+00
1.033087491989135742e+00
1.020203948020935059e+00
9.809533357620239258e-01
9.506179094314575195e-01
9.415887594223022461e-01
9.298503398895263672e-01
9.265049695968627930e-01
9.678564071655273438e-01
9.936928749084472656e-01
9.874606132507324219e-01
1.006954789161682129e+00
1.018673062324523926e+00
9.902611970901489258e-01
1.012604832649230957e+00
1.041209101676940918e+00
1.091833233833312988e+00
1.096292018890380859e+00
1.101494789123535156e+00
1.121669411659240723e+00
1.148326396942138672e+00
1.085748791694641113e+00
1.087652325630187988e+00
1.079145908355712891e+00
1.069706201553344727e+00
1.055606126785278320e+00
1.030233502388000488e+00
9.879152774810791016e-01
9.885147809982299805e-01
9.680603742599487305e-01
9.569481611251831055e-01
9.481605291366577148e-01
9.477078914642333984e-01
9.534540176391601562e-01
9.623624086380004883e-01
9.522030353546142578e-01
9.757671356201171875e-01
9.746606349945068359e-01
9.997886419296264648e-01
9.994192123413085938e-01
1.038084745407104492e+00
1.072372913360595703e+00
1.068541884422302246e+00
1.099208593368530273e+00
1.118217945098876953e+00
1.127031922340393066e+00
1.090371131896972656e+00
1.092652082443237305e+00
1.097971916198730469e+00
1.059757351875305176e+00
1.039644360542297363e+00
1.006661415100097656e+00
9.805996417999267578e-01
9.590278863906860352e-01
9.583508968353271484e-01
9.496773481369018555e-01
9.523247480392456055e-01
9.656556844711303711e-01
9.851453304290771484e-01
9.949384927749633789e-01
9.991745948791503906e-01
1.005141258239746094e+00
1.014462351799011230e+00
1.016646385192871094e+00
1.020204663276672363e+00
1.057078242301940918e+00
1.071386575698852539e+00
1.094936847686767578e+00
1.092355132102966309e+00
1.118302702903747559e+00
1.102125883102416992e+00
1.107146978378295898e+00
1.087105154991149902e+00
1.080002784729003906e+00
1.041516661643981934e+00
9.989829063415527344e-01
9.818577766418457031e-01
9.443302154541015625e-01
9.369226694107055664e-01
9.355103969573974609e-01
9.356760978698730469e-01
9.518393278121948242e-01
9.575293064117431641e-01
9.962044954299926758e-01
1.020037293434143066e+00
1.016973972320556641e+00
1.001749992370605469e+00
9.902358055114746094e-01
1.002164244651794434e+00
1.017204761505126953e+00
1.015892863273620605e+00
