7.309519052505493164e-01
7.181820869445800781e-01
6.868084669113159180e-01
6.830164194107055664e-01
6.806751489639282227e-01
6.852020025253295898e-01
6.572355031967163086e-01
6.291147470474243164e-01
5.503098964691162109e-01
5.069351196289062500e-01
4.786475896835327148e-01
3.823652565479278564e-01
3.772701025009155273e-01
3.894961178302764893e-01
3.966888189315795898e-01
4.205679893493652344e-01
4.624695181846618652e-01
5.452438592910766602e-01
6.320773363113403320e-01
7.347678542137145996e-01
7.550359964370727539e-01
8.047354221343994141e-01
8.182883262634277344e-01
8.183737993240356445e-01
7.353132963180541992e-01
7.392008304595947266e-01
7.060751914978027344e-01
6.873931884765625000e-01
6.612461805343627930e-01
6.845426559448242188e-01
7.051013708114624023e-01
6.543090343475341797e-01
5.127414464950561523e-01
4.769811034202575684e-01
4.191022515296936035e-01
3.774355947971343994e-01
3.697208464145660400e-01
3.780755400657653809e-01
3.795558214187622070e-01
4.156242609024047852e-01
4.572138190269470215e-01
4.915000498294830322e-01
5.468158721923828125e-01
6.030931472778320312e-01
6.655447483062744141e-01
6.993806362152099609e-01
7.542717456817626953e-01
6.768387556076049805e-01
7.399515509605407715e-01
7.237201929092407227e-01
7.137706279754638672e-01
6.895208358764648438e-01
6.965340375900268555e-01
6.437255144119262695e-01
6.107813715934753418e-01
6.567286252975463867e-01
6.799198389053344727e-01
6.011345386505126953e-01
5.275162458419799805e-01
4.735304713249206543e-01
3.834305107593536377e-01
4.094657897949218750e-01
3.783460855484008789e-01
3.833590149879455566e-01
4.405275285243988037e-01
4.992628693580627441e-01
5.488739013671875000e-01
6.300923824310302734e-01
7.484176158905029297e-01
7.627159357070922852e-01
7.976179122924804688e-01
8.142967224121093750e-01
7.668652534484863281e-01
7.302912473678588867e-01
6.941350698471069336e-01
7.294083833694458008e-01
7.066553235054016113e-01
6.495586633682250977e-01
6.430978775024414062e-01
6.716390848159790039e-01
6.023201942443847656e-01
5.911060571670532227e-01
5.197726488113403320e-01
4.690698683261871338e-01
4.003572762012481689e-01
3.995196819305419922e-01
4.308279454708099365e-01
3.993922173976898193e-01
4.370858371257781982e-01
4.923447668552398682e-01
5.864181518554687500e-01
6.518487334251403809e-01
7.152004837989807129e-01
7.254712581634521484e-01
7.507066726684570312e-01
8.236736059188842773e-01
7.911123633384704590e-01
7.293843030929565430e-01
7.111939191818237305e-01
7.113196253776550293e-01
7.542372941970825195e-01
6.670538187026977539e-01
5.965949296951293945e-01
6.488014459609985352e-01
6.178721189498901367e-01
5.928643941879272461e-01
5.211201906204223633e-01
4.629665315151214600e-01
4.336826503276824951e-01
3.777748346328735352e-01
3.021339774131774902e-01
4.025704264640808105e-01
4.482049942016601562e-01
4.967658221721649170e-01
5.153710842132568359e-01
4.833725094795227051e-01
5.449433326721191406e-01
6.452785730361938477e-01
6.977146863937377930e-01
7.317880392074584961e-01
6.973854899406433105e-01
6.777912378311157227e-01
6.058098077774047852e-01
6.329226493835449219e-01
5.992388725280761719e-01
6.229926347732543945e-01
6.259353756904602051e-01
6.319481134414672852e-01
6.453461050987243652e-01
6.534695625305175781e-01
6.094813346862792969e-01
5.286224484443664551e-01
4.687829017639160156e-01
4.253909587860107422e-01
4.066916704177856445e-01
3.768537938594818115e-01
3.816826343536376953e-01
4.386598467826843262e-01
4.577472805976867676e-01
5.941405296325683594e-01
7.143200635910034180e-01
7.915642261505126953e-01
8.030922412872314453e-01
9.015897512435913086e-01
8.993854522705078125e-01
8.513805866241455078e-01
7.953169345855712891e-01
7.581975460052490234e-01
7.285207509994506836e-01
6.751019954681396484e-01
7.323772311210632324e-01
7.616405487060546875e-01
7.398886680603027344e-01
7.553259134292602539e-01
7.048797607421875000e-01
5.665482282638549805e-01
5.117435455322265625e-01
4.715481996536254883e-01
4.300808906555175781e-01
4.161861240863800049e-01
4.267570674419403076e-01
4.508028328418731689e-01
5.507028698921203613e-01
5.780222415924072266e-01
6.594597101211547852e-01
7.751677036285400391e-01
8.454155921936035156e-01
8.450311422348022461e-01
8.574225902557373047e-01
8.891086578369140625e-01
8.027056455612182617e-01
7.338311672210693359e-01
7.043757438659667969e-01
6.572965383529663086e-01
6.482871770858764648e-01
7.368310689926147461e-01
7.284349203109741211e-01
6.736644506454467773e-01
6.253364086151123047e-01
5.224919915199279785e-01
3.961023092269897461e-01
3.654558658599853516e-01
3.562834858894348145e-01
3.749107718467712402e-01
3.815402388572692871e-01
4.179340600967407227e-01
4.897975027561187744e-01
5.505573749542236328e-01
5.089741945266723633e-01
5.532823801040649414e-01
6.155257225036621094e-01
6.772739887237548828e-01
7.211664915084838867e-01
7.436614036560058594e-01
7.438858747482299805e-01
7.940785884857177734e-01
7.768424749374389648e-01
7.592535018920898438e-01
7.451106309890747070e-01
7.264566421508789062e-01
6.996062994003295898e-01
6.735833883285522461e-01
6.323001980781555176e-01
5.950683951377868652e-01
5.051476955413818359e-01
4.547525644302368164e-01
3.940676450729370117e-01
3.988557457923889160e-01
4.010910391807556152e-01
3.832257986068725586e-01
4.416743516921997070e-01
5.029261112213134766e-01
5.499563217163085938e-01
5.651527643203735352e-01
6.519340276718139648e-01
7.252703309059143066e-01
7.116618156433105469e-01
7.160996198654174805e-01
6.939142346382141113e-01
6.635316610336303711e-01
6.424360871315002441e-01
6.330838203430175781e-01
6.123267412185668945e-01
6.198998689651489258e-01
6.176698207855224609e-01
6.257081031799316406e-01
6.058496236801147461e-01
5.636733770370483398e-01
4.909961521625518799e-01
4.286362826824188232e-01
3.744452893733978271e-01
3.353958725929260254e-01
3.466787934303283691e-01
3.538296818733215332e-01
3.860836625099182129e-01
4.235857725143432617e-01
5.107754468917846680e-01
5.644878149032592773e-01
6.566141843795776367e-01
7.113310098648071289e-01
7.684102058410644531e-01
7.450028657913208008e-01
7.108130455017089844e-01
7.005227804183959961e-01
6.408944129943847656e-01
6.328865289688110352e-01
6.163480281829833984e-01
6.123397350311279297e-01
6.346263885498046875e-01
6.520777940750122070e-01
7.186987996101379395e-01
7.305377721786499023e-01
6.365774869918823242e-01
5.316995978355407715e-01
4.466956853866577148e-01
4.129123687744140625e-01
3.852377533912658691e-01
3.716176748275756836e-01
4.558921456336975098e-01
