8.924331665039062500e-01
8.791391849517822266e-01
8.796408176422119141e-01
1.007474660873413086e+00
1.059286236763000488e+00
1.133376002311706543e+00
1.105694293975830078e+00
1.128693103790283203e+00
1.134857535362243652e+00
1.065238237380981445e+00
1.051173567771911621e+00
1.100562572479248047e+00
1.058618187904357910e+00
1.059803962707519531e+00
1.027722239494323730e+00
1.040969967842102051e+00
9.923495054244995117e-01
9.381407499313354492e-01
9.036040306091308594e-01
8.876690864562988281e-01
8.581429719924926758e-01
8.896338939666748047e-01
9.153230190277099609e-01
8.894567489624023438e-01
8.710839152336120605e-01
9.344072341918945312e-01
9.540250301361083984e-01
1.017091870307922363e+00
1.058005809783935547e+00
1.128660559654235840e+00
1.159825921058654785e+00
1.150161504745483398e+00
1.114589214324951172e+00
1.055084109306335449e+00
1.077111601829528809e+00
1.085942387580871582e+00
1.052252531051635742e+00
1.060679793357849121e+00
1.036910533905029297e+00
1.030885934829711914e+00
1.003863573074340820e+00
9.844372272491455078e-01
9.101990461349487305e-01
8.977289199829101562e-01
8.515442609786987305e-01
8.412099480628967285e-01
8.328580856323242188e-01
8.723487854003906250e-01
9.131046533584594727e-01
9.504055976867675781e-01
1.009236454963684082e+00
1.112727880477905273e+00
1.131520152091979980e+00
1.169579148292541504e+00
1.145835638046264648e+00
1.132060289382934570e+00
1.081978201866149902e+00
1.110332608222961426e+00
1.083893060684204102e+00
1.060204267501831055e+00
1.134742379188537598e+00
9.749461412429809570e-01
1.041336178779602051e+00
9.972404241561889648e-01
1.008639931678771973e+00
9.800902605056762695e-01
9.696458578109741211e-01
9.595394134521484375e-01
9.254271984100341797e-01
9.157699346542358398e-01
8.760456442832946777e-01
8.907727003097534180e-01
8.681897521018981934e-01
8.479334115982055664e-01
8.893402814865112305e-01
9.153013229370117188e-01
1.050137281417846680e+00
1.102479696273803711e+00
1.158540964126586914e+00
1.123149633407592773e+00
1.121760368347167969e+00
1.097249031066894531e+00
1.073435544967651367e+00
1.095285534858703613e+00
1.116313338279724121e+00
1.018318653106689453e+00
9.948657751083374023e-01
1.058685660362243652e+00
1.020155906677246094e+00
9.642521142959594727e-01
9.744615554809570312e-01
9.473303556442260742e-01
9.073268175125122070e-01
8.708668947219848633e-01
8.813865184783935547e-01
8.718115091323852539e-01
8.599461317062377930e-01
9.191727638244628906e-01
9.129995107650756836e-01
9.356240034103393555e-01
1.042933583259582520e+00
1.107752799987792969e+00
1.154972076416015625e+00
1.097335577011108398e+00
1.126018762588500977e+00
1.105384707450866699e+00
1.084536194801330566e+00
1.089785575866699219e+00
1.118425369262695312e+00
1.042725443840026855e+00
1.063351392745971680e+00
9.742923974990844727e-01
9.967497587203979492e-01
9.823868274688720703e-01
9.948555231094360352e-01
9.474836587905883789e-01
8.599100112915039062e-01
8.325191736221313477e-01
8.923870325088500977e-01
9.080108404159545898e-01
9.338941574096679688e-01
9.277895689010620117e-01
8.897182941436767578e-01
8.587518930435180664e-01
9.699628353118896484e-01
1.050664782524108887e+00
1.155139327049255371e+00
1.160249829292297363e+00
1.175605535507202148e+00
1.152762532234191895e+00
1.118865489959716797e+00
1.064409017562866211e+00
1.073946595191955566e+00
1.077006101608276367e+00
1.102858901023864746e+00
1.131002187728881836e+00
1.122204661369323730e+00
1.098997473716735840e+00
1.139779090881347656e+00
1.023997306823730469e+00
9.226180315017700195e-01
8.071763515472412109e-01
7.464052438735961914e-01
7.183961868286132812e-01
7.645972967147827148e-01
8.468937873840332031e-01
9.381669759750366211e-01
1.005557179450988770e+00
1.130372285842895508e+00
1.232585072517395020e+00
1.250946164131164551e+00
1.208282828330993652e+00
1.173619270324707031e+00
1.132370233535766602e+00
1.085383176803588867e+00
1.105442523956298828e+00
1.059529423713684082e+00
1.043471217155456543e+00
1.085230708122253418e+00
1.092712879180908203e+00
1.046016335487365723e+00
1.025895357131958008e+00
1.002609729766845703e+00
9.750617742538452148e-01
8.962340354919433594e-01
8.791111707687377930e-01
8.597460985183715820e-01
8.630160093307495117e-01
8.670746088027954102e-01
8.950945138931274414e-01
8.992842435836791992e-01
9.502979516983032227e-01
9.990093708038330078e-01
1.049986481666564941e+00
1.079685568809509277e+00
1.120180845260620117e+00
1.131359696388244629e+00
1.143500804901123047e+00
1.130224108695983887e+00
1.126759171485900879e+00
1.080343961715698242e+00
1.035408377647399902e+00
1.049871206283569336e+00
1.024492502212524414e+00
1.055442929267883301e+00
1.035779833793640137e+00
1.035689353942871094e+00
9.816052913665771484e-01
9.145079851150512695e-01
9.465627670288085938e-01
9.075201749801635742e-01
9.295544624328613281e-01
8.998205661773681641e-01
9.381272792816162109e-01
8.804290294647216797e-01
8.419859409332275391e-01
9.030327796936035156e-01
8.734539747238159180e-01
9.612251520156860352e-01
1.038999438285827637e+00
1.072077989578247070e+00
1.138101696968078613e+00
1.203395962715148926e+00
1.139606118202209473e+00
1.102365612983703613e+00
1.106129646301269531e+00
1.060772657394409180e+00
1.052688956260681152e+00
1.067501783370971680e+00
1.068583250045776367e+00
1.033786177635192871e+00
1.018410682678222656e+00
1.020603656768798828e+00
9.449247121810913086e-01
8.490356206893920898e-01
8.211048841476440430e-01
8.397153019905090332e-01
8.227612972259521484e-01
8.608676195144653320e-01
9.282557964324951172e-01
9.418516159057617188e-01
1.033341765403747559e+00
1.098358392715454102e+00
1.134576559066772461e+00
1.184037566184997559e+00
1.088422298431396484e+00
1.115110397338867188e+00
1.100690126419067383e+00
1.127249360084533691e+00
1.074127674102783203e+00
1.098060727119445801e+00
1.019816756248474121e+00
1.019836425781250000e+00
1.027258157730102539e+00
1.024090528488159180e+00
1.019364953041076660e+00
9.866361618041992188e-01
9.686666727066040039e-01
9.144128561019897461e-01
8.425840139389038086e-01
8.879941701889038086e-01
8.635770082473754883e-01
8.956714868545532227e-01
8.478067517280578613e-01
8.829162120819091797e-01
9.545786380767822266e-01
1.034031987190246582e+00
1.114590167999267578e+00
1.151566624641418457e+00
1.126326799392700195e+00
1.136235117912292480e+00
1.118627786636352539e+00
1.075173735618591309e+00
1.065842270851135254e+00
1.102688908576965332e+00
1.025837182998657227e+00
1.053649425506591797e+00
1.021750569343566895e+00
1.003494977951049805e+00
