2.928631007671356201e-01
2.530674040317535400e-01
2.904607355594635010e-01
2.947450280189514160e-01
3.546645343303680420e-01
3.954558968544006348e-01
5.243981480598449707e-01
6.309596300125122070e-01
6.730024814605712891e-01
7.938104867935180664e-01
9.260598421096801758e-01
8.884319067001342773e-01
9.305421113967895508e-01
9.320893287658691406e-01
9.881874322891235352e-01
9.171620607376098633e-01
8.610789775848388672e-01
8.987785577774047852e-01
8.729530572891235352e-01
8.260277509689331055e-01
7.558441162109375000e-01
6.870077848434448242e-01
5.374110937118530273e-01
3.928318619728088379e-01
3.683371543884277344e-01
3.157297670841217041e-01
3.030505478382110596e-01
3.089328110218048096e-01
3.767069876194000244e-01
4.498031139373779297e-01
5.285191535949707031e-01
6.063733100891113281e-01
6.844274997711181641e-01
8.405239582061767578e-01
9.104269742965698242e-01
9.152387380599975586e-01
9.852076768875122070e-01
1.001064300537109375e+00
1.024499297142028809e+00
1.044454813003540039e+00
1.042754054069519043e+00
9.316680431365966797e-01
8.528746366500854492e-01
6.955080032348632812e-01
5.946995615959167480e-01
4.837114214897155762e-01
4.201942086219787598e-01
3.307996094226837158e-01
2.903705835342407227e-01
2.845802605152130127e-01
3.152540922164916992e-01
3.146182894706726074e-01
3.526713252067565918e-01
3.752671480178833008e-01
4.198951125144958496e-01
4.651221632957458496e-01
5.766869783401489258e-01
6.222130060195922852e-01
6.769901514053344727e-01
7.489184141159057617e-01
6.025224328041076660e-01
7.408038377761840820e-01
7.292137145996093750e-01
8.066841363906860352e-01
8.275251388549804688e-01
9.020822048187255859e-01
9.001742601394653320e-01
8.560814857482910156e-01
7.840669155120849609e-01
6.468259096145629883e-01
5.365321636199951172e-01
4.190391898155212402e-01
3.086955547332763672e-01
2.680593430995941162e-01
2.515790164470672607e-01
2.780605554580688477e-01
3.035301864147186279e-01
3.637174963951110840e-01
4.000869989395141602e-01
4.921889901161193848e-01
5.724253654479980469e-01
6.649210453033447266e-01
7.758039236068725586e-01
7.971038818359375000e-01
7.021975517272949219e-01
7.717125415802001953e-01
9.199235439300537109e-01
8.595480918884277344e-01
8.521604537963867188e-01
9.452830553054809570e-01
9.141741991043090820e-01
8.193157911300659180e-01
7.512092590332031250e-01
6.562402248382568359e-01
5.313545465469360352e-01
4.156767129898071289e-01
3.790708780288696289e-01
2.935152649879455566e-01
2.685197293758392334e-01
2.989356517791748047e-01
3.338063359260559082e-01
3.795287013053894043e-01
4.107280969619750977e-01
5.524058341979980469e-01
6.567393541336059570e-01
7.742449641227722168e-01
8.916170597076416016e-01
9.394993782043457031e-01
8.435604572296142578e-01
8.718725442886352539e-01
8.016754388809204102e-01
9.703137874603271484e-01
1.049000382423400879e+00
1.110832333564758301e+00
1.001221537590026855e+00
8.469995260238647461e-01
8.521072864532470703e-01
8.177838325500488281e-01
7.373355627059936523e-01
6.367343664169311523e-01
4.796303212642669678e-01
3.332390785217285156e-01
2.539933919906616211e-01
2.710267007350921631e-01
2.732563912868499756e-01
3.322178721427917480e-01
3.861087858676910400e-01
5.181750059127807617e-01
6.663242578506469727e-01
8.309888839721679688e-01
9.801136255264282227e-01
1.191542863845825195e+00
1.337843060493469238e+00
1.486278772354125977e+00
1.595684647560119629e+00
1.629793763160705566e+00
1.674612879753112793e+00
1.739305973052978516e+00
1.447497963905334473e+00
1.215877413749694824e+00
9.690225124359130859e-01
6.606860160827636719e-01
4.640578031539916992e-01
4.244818687438964844e-01
4.163755476474761963e-01
3.806138634681701660e-01
3.662874698638916016e-01
4.129231572151184082e-01
4.519971609115600586e-01
4.598371684551239014e-01
4.660157263278961182e-01
4.894493222236633301e-01
5.075134038925170898e-01
5.491018891334533691e-01
6.354719400405883789e-01
6.609433889389038086e-01
7.507959008216857910e-01
8.774957656860351562e-01
8.970173597335815430e-01
8.637285232543945312e-01
8.758420944213867188e-01
8.358362913131713867e-01
7.783117294311523438e-01
6.921277046203613281e-01
6.948736906051635742e-01
6.329814195632934570e-01
5.857491493225097656e-01
4.997906088829040527e-01
4.191355109214782715e-01
3.513891398906707764e-01
3.125817775726318359e-01
2.828425765037536621e-01
2.692666053771972656e-01
2.607052922248840332e-01
2.851702272891998291e-01
3.252372443675994873e-01
4.007198810577392578e-01
4.820011854171752930e-01
5.616847276687622070e-01
5.825616121292114258e-01
6.126688718795776367e-01
6.924239397048950195e-01
7.297438383102416992e-01
8.285099267959594727e-01
8.477096557617187500e-01
8.886950016021728516e-01
8.558081388473510742e-01
8.732076883316040039e-01
9.983541965484619141e-01
9.156428575515747070e-01
8.885866403579711914e-01
7.743493914604187012e-01
7.466640472412109375e-01
5.607976317405700684e-01
4.316179752349853516e-01
3.895332217216491699e-01
2.691127061843872070e-01
2.695224881172180176e-01
2.725098133087158203e-01
2.792234420776367188e-01
3.602884411811828613e-01
4.826886653900146484e-01
5.426445007324218750e-01
6.524995565414428711e-01
7.736765146255493164e-01
8.026118278503417969e-01
8.658046722412109375e-01
9.396207332611083984e-01
9.511795043945312500e-01
9.322102069854736328e-01
1.002068519592285156e+00
1.003710269927978516e+00
8.775733709335327148e-01
7.600215673446655273e-01
6.413143873214721680e-01
5.462284088134765625e-01
4.433891177177429199e-01
3.635067641735076904e-01
3.251427114009857178e-01
2.682542800903320312e-01
2.842070460319519043e-01
2.963767051696777344e-01
3.161437809467315674e-01
3.515185415744781494e-01
3.425715267658233643e-01
4.313211739063262939e-01
5.076876878738403320e-01
6.105056405067443848e-01
6.280890107154846191e-01
6.888328790664672852e-01
6.462327241897583008e-01
7.203675508499145508e-01
7.975833415985107422e-01
8.648190498352050781e-01
8.927584886550903320e-01
8.917193412780761719e-01
8.839911222457885742e-01
7.905014753341674805e-01
7.301542162895202637e-01
6.578944921493530273e-01
5.146403312683105469e-01
4.296194314956665039e-01
3.017553687095642090e-01
2.588133215904235840e-01
2.617384195327758789e-01
2.581794261932373047e-01
2.916422784328460693e-01
3.230420649051666260e-01
3.516538739204406738e-01
4.243885278701782227e-01
4.810206592082977295e-01
5.291935205459594727e-01
6.126596927642822266e-01
6.898483037948608398e-01
6.553090810775756836e-01
7.407399415969848633e-01
7.605156898498535156e-01
8.150448799133300781e-01
9.058660268783569336e-01
