9.399700164794921875e-01
9.781587123870849609e-01
1.016554951667785645e+00
1.054611682891845703e+00
1.087547063827514648e+00
1.078768610954284668e+00
1.053698062896728516e+00
1.040631413459777832e+00
1.023338556289672852e+00
1.011322975158691406e+00
1.015463352203369141e+00
1.018067598342895508e+00
9.978781938552856445e-01
9.875954985618591309e-01
9.869315624237060547e-01
9.802880883216857910e-01
9.795972704887390137e-01
9.659554362297058105e-01
9.867858290672302246e-01
9.946849346160888672e-01
9.995898008346557617e-01
9.776335954666137695e-01
9.647942781448364258e-01
9.448660016059875488e-01
9.497147798538208008e-01
9.738169312477111816e-01
1.028677105903625488e+00
1.062247037887573242e+00
1.084365606307983398e+00
1.064795613288879395e+00
1.063655495643615723e+00
1.063128590583801270e+00
1.045814514160156250e+00
1.002386689186096191e+00
9.958251118659973145e-01
9.996752142906188965e-01
1.006453871726989746e+00
1.016042470932006836e+00
1.017988681793212891e+00
9.975331425666809082e-01
9.915395379066467285e-01
9.819737076759338379e-01
9.654481410980224609e-01
9.821884632110595703e-01
9.950949549674987793e-01
1.032345533370971680e+00
9.946542382240295410e-01
9.507419466972351074e-01
9.219678044319152832e-01
9.706144928932189941e-01
1.006155014038085938e+00
1.026950359344482422e+00
1.054644584655761719e+00
1.068980693817138672e+00
1.049266099929809570e+00
1.046557784080505371e+00
1.051532506942749023e+00
1.071542859077453613e+00
1.038886785507202148e+00
1.046166896820068359e+00
1.021362781524658203e+00
9.728522896766662598e-01
9.761667847633361816e-01
9.747310280799865723e-01
9.861335158348083496e-01
9.787862896919250488e-01
9.984706640243530273e-01
9.952982664108276367e-01
9.806032776832580566e-01
9.777418971061706543e-01
9.451477527618408203e-01
9.416491985321044922e-01
9.349832534790039062e-01
9.489833712577819824e-01
9.907191395759582520e-01
1.012554407119750977e+00
1.084555387496948242e+00
1.068102598190307617e+00
1.073163747787475586e+00
1.069703340530395508e+00
1.068247318267822266e+00
1.024232268333435059e+00
1.049669742584228516e+00
1.043838977813720703e+00
1.016307115554809570e+00
9.921793937683105469e-01
9.936162829399108887e-01
9.874345660209655762e-01
9.563432335853576660e-01
9.705575108528137207e-01
9.898183941841125488e-01
9.876424670219421387e-01
9.831603765487670898e-01
9.760969281196594238e-01
9.456004500389099121e-01
9.350538849830627441e-01
9.716717004776000977e-01
9.690720438957214355e-01
9.833188652992248535e-01
1.039615154266357422e+00
1.047897815704345703e+00
1.084303140640258789e+00
1.050377607345581055e+00
1.036374568939208984e+00
1.067635297775268555e+00
1.057099819183349609e+00
1.060016155242919922e+00
1.031623840332031250e+00
9.961058497428894043e-01
9.959421753883361816e-01
9.803514480590820312e-01
9.376911520957946777e-01
9.870801568031311035e-01
1.028662085533142090e+00
1.012930154800415039e+00
1.002813935279846191e+00
9.538159370422363281e-01
9.600929021835327148e-01
9.881821274757385254e-01
9.774286150932312012e-01
9.866740107536315918e-01
9.618557095527648926e-01
9.518209099769592285e-01
9.529517292976379395e-01
1.027495980262756348e+00
1.040869235992431641e+00
1.108987092971801758e+00
1.113943576812744141e+00
1.084956169128417969e+00
1.047766923904418945e+00
1.025053024291992188e+00
1.001826524734497070e+00
1.024487257003784180e+00
1.010780215263366699e+00
1.007721185684204102e+00
1.011207818984985352e+00
9.838326573371887207e-01
9.449642896652221680e-01
9.815808534622192383e-01
9.484346508979797363e-01
9.662320613861083984e-01
9.866488575935363770e-01
9.865766167640686035e-01
9.697313308715820312e-01
9.871097207069396973e-01
9.693186879158020020e-01
9.660825133323669434e-01
9.643822312355041504e-01
9.925885796546936035e-01
1.026103734970092773e+00
1.031225800514221191e+00
1.054192304611206055e+00
1.084079980850219727e+00
1.051716089248657227e+00
1.062813758850097656e+00
1.060287714004516602e+00
1.017003774642944336e+00
9.949828982353210449e-01
1.003203153610229492e+00
9.929043650627136230e-01
9.855960011482238770e-01
9.796946048736572266e-01
9.798366427421569824e-01
9.958736300468444824e-01
9.711849689483642578e-01
9.818226695060729980e-01
9.923457503318786621e-01
9.773455858230590820e-01
9.705224633216857910e-01
9.575151801109313965e-01
9.577501416206359863e-01
9.708836674690246582e-01
1.001365423202514648e+00
1.039501905441284180e+00
1.066835641860961914e+00
1.069566011428833008e+00
1.084821820259094238e+00
1.082206487655639648e+00
1.041288614273071289e+00
1.065338134765625000e+00
1.041148066520690918e+00
9.792696833610534668e-01
9.852104783058166504e-01
9.905331730842590332e-01
1.017931222915649414e+00
1.003620386123657227e+00
9.925652742385864258e-01
9.901688098907470703e-01
9.837602376937866211e-01
9.452509284019470215e-01
9.565038084983825684e-01
9.659382700920104980e-01
9.841138720512390137e-01
1.016102313995361328e+00
1.000665426254272461e+00
9.572089910507202148e-01
9.788233637809753418e-01
9.875003695487976074e-01
1.027482509613037109e+00
1.038903355598449707e+00
1.082206010818481445e+00
1.086779117584228516e+00
1.089279413223266602e+00
1.050239562988281250e+00
1.049821257591247559e+00
1.038995265960693359e+00
1.019775629043579102e+00
1.010443925857543945e+00
1.007025837898254395e+00
1.000513315200805664e+00
9.799309968948364258e-01
9.836243391036987305e-01
9.877627491950988770e-01
9.817247986793518066e-01
9.738684892654418945e-01
9.800665974617004395e-01
9.751053452491760254e-01
9.576669335365295410e-01
9.623578786849975586e-01
9.697695970535278320e-01
9.642773270606994629e-01
1.010512590408325195e+00
1.060850143432617188e+00
1.075393438339233398e+00
1.091020226478576660e+00
1.081297397613525391e+00
1.079860448837280273e+00
1.042487144470214844e+00
1.047301888465881348e+00
1.024581789970397949e+00
1.011758565902709961e+00
9.912672638893127441e-01
9.927145838737487793e-01
9.795086979866027832e-01
9.684253334999084473e-01
9.823990464210510254e-01
9.791648983955383301e-01
9.981164336204528809e-01
9.896642565727233887e-01
9.785394668579101562e-01
9.730093479156494141e-01
9.449897408485412598e-01
9.377236962318420410e-01
9.258328080177307129e-01
9.756802916526794434e-01
1.015406370162963867e+00
1.066695570945739746e+00
1.094120502471923828e+00
1.085616827011108398e+00
1.069007873535156250e+00
1.041578888893127441e+00
1.069701671600341797e+00
1.008400201797485352e+00
1.019400835037231445e+00
1.029678344726562500e+00
1.017172098159790039e+00
9.969565868377685547e-01
9.908697605133056641e-01
9.845011830329895020e-01
