5.583642125129699707e-01
5.709415674209594727e-01
5.957320332527160645e-01
6.588245630264282227e-01
6.832356452941894531e-01
7.591891288757324219e-01
8.240987062454223633e-01
8.853214979171752930e-01
9.305374622344970703e-01
9.926434755325317383e-01
1.037944316864013672e+00
9.830169677734375000e-01
9.965199232101440430e-01
1.029302716255187988e+00
1.002053141593933105e+00
9.842610359191894531e-01
9.336183071136474609e-01
9.961862564086914062e-01
1.073202967643737793e+00
1.077911972999572754e+00
9.853920936584472656e-01
9.001569747924804688e-01
7.546088695526123047e-01
6.345348358154296875e-01
5.683039426803588867e-01
6.190313100814819336e-01
6.253974437713623047e-01
6.405916213989257812e-01
6.482425928115844727e-01
7.382290363311767578e-01
8.788731098175048828e-01
9.088704586029052734e-01
8.263084888458251953e-01
8.377131223678588867e-01
8.766266107559204102e-01
8.801442384719848633e-01
9.220696687698364258e-01
9.492028951644897461e-01
9.074679613113403320e-01
8.702694177627563477e-01
8.958561420440673828e-01
8.825047016143798828e-01
9.741095304489135742e-01
9.799520969390869141e-01
1.042184591293334961e+00
9.140641689300537109e-01
7.913200855255126953e-01
6.116870641708374023e-01
6.229300498962402344e-01
6.122404336929321289e-01
5.531651377677917480e-01
5.480511188507080078e-01
5.792002677917480469e-01
5.824220180511474609e-01
6.275151968002319336e-01
7.350592613220214844e-01
8.405115604400634766e-01
8.577666282653808594e-01
9.378589391708374023e-01
9.962145090103149414e-01
9.226387739181518555e-01
1.026618003845214844e+00
9.355733394622802734e-01
9.371141195297241211e-01
9.405546188354492188e-01
1.020706415176391602e+00
1.033068299293518066e+00
1.072077870368957520e+00
1.107453703880310059e+00
9.229426383972167969e-01
8.273493051528930664e-01
7.292573451995849609e-01
5.966411828994750977e-01
5.474331378936767578e-01
5.295243859291076660e-01
5.767421722412109375e-01
5.786853432655334473e-01
6.243402957916259766e-01
7.007637023925781250e-01
7.706849575042724609e-01
7.806411981582641602e-01
9.314024448394775391e-01
9.840763807296752930e-01
1.024543285369873047e+00
9.862403869628906250e-01
1.038674712181091309e+00
1.081761479377746582e+00
9.436272382736206055e-01
9.875583648681640625e-01
1.034028172492980957e+00
1.078859567642211914e+00
1.072294712066650391e+00
1.030405044555664062e+00
8.891124725341796875e-01
8.329092264175415039e-01
7.808421850204467773e-01
6.498453021049499512e-01
5.669850707054138184e-01
6.242254972457885742e-01
5.868629217147827148e-01
6.408522129058837891e-01
6.481020450592041016e-01
6.555049419403076172e-01
7.899700403213500977e-01
8.546416759490966797e-01
9.600309133529663086e-01
9.709076881408691406e-01
9.765039682388305664e-01
1.010281205177307129e+00
9.401768445968627930e-01
7.970376014709472656e-01
9.380456209182739258e-01
1.000423431396484375e+00
1.002870082855224609e+00
9.659090042114257812e-01
8.786728382110595703e-01
9.807327985763549805e-01
1.026833176612854004e+00
9.629299640655517578e-01
8.820686340332031250e-01
7.121072411537170410e-01
5.568436980247497559e-01
4.339591562747955322e-01
5.119329690933227539e-01
5.407071113586425781e-01
6.054178476333618164e-01
6.533284187316894531e-01
6.965250968933105469e-01
7.667851448059082031e-01
8.878761529922485352e-01
8.765175342559814453e-01
9.923307895660400391e-01
9.960775375366210938e-01
1.005525231361389160e+00
1.096526145935058594e+00
1.074156761169433594e+00
1.012594580650329590e+00
1.069790482521057129e+00
9.538443088531494141e-01
9.903360605239868164e-01
1.074019312858581543e+00
1.070054173469543457e+00
9.720191955566406250e-01
9.724509716033935547e-01
9.283040761947631836e-01
7.870409488677978516e-01
7.066736221313476562e-01
6.884131431579589844e-01
6.516065597534179688e-01
6.217517852783203125e-01
6.784173846244812012e-01
7.551735639572143555e-01
8.030648231506347656e-01
9.214515686035156250e-01
1.009824991226196289e+00
1.003329992294311523e+00
1.072863698005676270e+00
1.140168309211730957e+00
1.117451786994934082e+00
1.127460598945617676e+00
1.078229069709777832e+00
1.037431836128234863e+00
1.119694113731384277e+00
1.051970481872558594e+00
1.072785496711730957e+00
1.114015936851501465e+00
1.066900730133056641e+00
9.558616876602172852e-01
8.252811431884765625e-01
7.527961730957031250e-01
6.410202980041503906e-01
5.851542949676513672e-01
5.985444188117980957e-01
6.103167533874511719e-01
6.376647949218750000e-01
7.276209592819213867e-01
7.797752618789672852e-01
8.340637683868408203e-01
1.017175674438476562e+00
1.016637682914733887e+00
8.793556690216064453e-01
9.400446414947509766e-01
9.869468212127685547e-01
1.058880805969238281e+00
1.028516054153442383e+00
1.012579917907714844e+00
1.034688711166381836e+00
1.077494382858276367e+00
9.541537761688232422e-01
9.399691820144653320e-01
9.435358047485351562e-01
9.443941116333007812e-01
8.906979560852050781e-01
7.988533973693847656e-01
6.706646680831909180e-01
6.045948266983032227e-01
5.370143651962280273e-01
5.316164493560791016e-01
5.273942947387695312e-01
5.920379161834716797e-01
6.152727603912353516e-01
6.575601696968078613e-01
7.016512155532836914e-01
7.924758195877075195e-01
8.495973348617553711e-01
8.552106618881225586e-01
8.806731700897216797e-01
9.155434370040893555e-01
9.374380111694335938e-01
8.653391599655151367e-01
9.005724191665649414e-01
9.139373302459716797e-01
9.108875989913940430e-01
8.440905809402465820e-01
8.787111043930053711e-01
8.389533758163452148e-01
7.309124469757080078e-01
6.333333253860473633e-01
5.498459339141845703e-01
4.525751769542694092e-01
4.531969428062438965e-01
4.835501313209533691e-01
4.949893057346343994e-01
5.576856136322021484e-01
5.854518413543701172e-01
6.598297357559204102e-01
6.970629096031188965e-01
8.347585201263427734e-01
8.296637535095214844e-01
8.525719642639160156e-01
8.540499210357666016e-01
8.808314800262451172e-01
8.424108028411865234e-01
8.345203399658203125e-01
8.424768447875976562e-01
8.228909969329833984e-01
9.290555715560913086e-01
9.094241857528686523e-01
9.342409372329711914e-01
9.107542037963867188e-01
8.077660799026489258e-01
6.279699802398681641e-01
5.036409497261047363e-01
4.814017713069915771e-01
4.636940360069274902e-01
4.879366159439086914e-01
5.326640009880065918e-01
5.503364801406860352e-01
5.854109525680541992e-01
6.435453295707702637e-01
7.542071342468261719e-01
7.077571749687194824e-01
7.603083848953247070e-01
8.137742280960083008e-01
8.117983341217041016e-01
8.134185075759887695e-01
8.313286304473876953e-01
8.116562366485595703e-01
8.938671350479125977e-01
