1.054758310317993164e+00
1.007495999336242676e+00
1.004589438438415527e+00
1.021142601966857910e+00
9.884729385375976562e-01
9.545210599899291992e-01
9.484549760818481445e-01
9.483246803283691406e-01
9.547547101974487305e-01
9.206246137619018555e-01
9.226858615875244141e-01
9.694327116012573242e-01
9.444466829299926758e-01
9.532984495162963867e-01
9.705463647842407227e-01
1.016698241233825684e+00
1.028791785240173340e+00
9.758516550064086914e-01
9.685102701187133789e-01
9.572560787200927734e-01
9.921658039093017578e-01
9.762825965881347656e-01
9.964169263839721680e-01
9.910572767257690430e-01
9.862085580825805664e-01
9.471870660781860352e-01
9.540163278579711914e-01
9.492996931076049805e-01
9.601974487304687500e-01
9.549076557159423828e-01
9.484549760818481445e-01
9.547581672668457031e-01
9.919565916061401367e-01
9.221843481063842773e-01
9.423797130584716797e-01
6.922682523727416992e-01
1.121168971061706543e+00
1.012932419776916504e+00
1.049729347229003906e+00
7.825775146484375000e-01
1.237422704696655273e+00
8.323239088058471680e-01
9.392606019973754883e-01
1.249153614044189453e+00
1.099867820739746094e+00
1.081031560897827148e+00
1.038765668869018555e+00
7.579832077026367188e-01
8.423827886581420898e-01
6.973487138748168945e-01
1.005061149597167969e+00
7.781794071197509766e-01
8.577396869659423828e-01
9.036070108413696289e-01
1.108962059020996094e+00
9.633235931396484375e-01
9.400146007537841797e-01
9.233857393264770508e-01
8.328535556793212891e-01
8.111183643341064453e-01
1.187952876091003418e+00
9.045015573501586914e-01
1.040977835655212402e+00
1.006330013275146484e+00
1.061951160430908203e+00
1.011477947235107422e+00
1.118577122688293457e+00
1.109660029411315918e+00
1.114484548568725586e+00
1.165651082992553711e+00
1.135590195655822754e+00
1.124698519706726074e+00
1.083060026168823242e+00
8.010958433151245117e-01
9.291762113571166992e-01
8.478013277053833008e-01
8.970927000045776367e-01
9.006984233856201172e-01
9.383927583694458008e-01
8.985602855682373047e-01
9.280967712402343750e-01
1.163230895996093750e+00
1.016611337661743164e+00
9.577456712722778320e-01
9.542894363403320312e-01
8.220350742340087891e-01
8.124996423721313477e-01
9.526118040084838867e-01
1.048162102699279785e+00
1.085868835449218750e+00
1.154502034187316895e+00
1.164084196090698242e+00
1.162011861801147461e+00
1.153359532356262207e+00
1.079009771347045898e+00
1.002233624458312988e+00
9.731888771057128906e-01
7.417480945587158203e-01
8.813081979751586914e-01
8.841276168823242188e-01
8.700859546661376953e-01
1.208366990089416504e+00
8.226902484893798828e-01
1.205670475959777832e+00
1.076132893562316895e+00
9.749819040298461914e-01
9.354058504104614258e-01
8.998497724533081055e-01
6.416703462600708008e-01
1.114054083824157715e+00
1.124239802360534668e+00
1.022262334823608398e+00
1.155441164970397949e+00
1.138849139213562012e+00
8.582575321197509766e-01
1.275867104530334473e+00
1.050097823143005371e+00
1.072223663330078125e+00
1.013220548629760742e+00
1.021712541580200195e+00
1.021357536315917969e+00
9.913840293884277344e-01
1.013075232505798340e+00
9.405659437179565430e-01
9.421383142471313477e-01
9.244282245635986328e-01
9.451720714569091797e-01
9.607653617858886719e-01
9.657323360443115234e-01
9.672045707702636719e-01
9.613196849822998047e-01
9.369697570800781250e-01
9.360425472259521484e-01
9.303917884826660156e-01
9.125392436981201172e-01
9.489128589630126953e-01
9.536494016647338867e-01
9.350469112396240234e-01
1.031198382377624512e+00
9.735611677169799805e-01
9.674323797225952148e-01
9.796544313430786133e-01
9.749221801757812500e-01
9.661992788314819336e-01
9.611877202987670898e-01
9.911230802536010742e-01
9.748293161392211914e-01
9.391155242919921875e-01
9.653713703155517578e-01
9.850804805755615234e-01
9.396566152572631836e-01
9.595402479171752930e-01
9.617486000061035156e-01
9.349446296691894531e-01
9.491040706634521484e-01
9.637335538864135742e-01
9.308820962905883789e-01
9.252423048019409180e-01
9.536092281341552734e-01
9.487316608428955078e-01
9.815914630889892578e-01
1.013028621673583984e+00
9.837135076522827148e-01
1.019197106361389160e+00
9.932247400283813477e-01
9.757679700851440430e-01
9.757578372955322266e-01
9.827070236206054688e-01
9.840153455734252930e-01
9.954373836517333984e-01
9.649893045425415039e-01
9.843082427978515625e-01
9.770804643630981445e-01
9.841668605804443359e-01
9.825607538223266602e-01
9.383103847503662109e-01
9.628159999847412109e-01
9.547960758209228516e-01
9.464495182037353516e-01
9.796648025512695312e-01
1.029588103294372559e+00
9.504319429397583008e-01
9.415788650512695312e-01
9.219691753387451172e-01
9.580101966857910156e-01
9.678617715835571289e-01
9.955533742904663086e-01
1.007159948348999023e+00
1.055027127265930176e+00
1.036975264549255371e+00
7.655255794525146484e-01
1.220827937126159668e+00
1.080627918243408203e+00
1.062975406646728516e+00
1.040737628936767578e+00
9.639014005661010742e-01
9.645791053771972656e-01
9.486310482025146484e-01
9.563808441162109375e-01
9.690843820571899414e-01
9.752124547958374023e-01
9.855810403823852539e-01
9.883041381835937500e-01
9.643106460571289062e-01
9.756696224212646484e-01
9.750657081604003906e-01
9.452661275863647461e-01
9.220703840255737305e-01
9.400463104248046875e-01
9.824124574661254883e-01
9.771635532379150391e-01
1.010379552841186523e+00
1.017708778381347656e+00
1.042122840881347656e+00
9.813305139541625977e-01
9.865630865097045898e-01
1.007993578910827637e+00
9.787265062332153320e-01
7.405225038528442383e-01
1.198835015296936035e+00
8.132120370864868164e-01
9.558336734771728516e-01
1.250971674919128418e+00
8.273578882217407227e-01
9.750685691833496094e-01
1.227861046791076660e+00
1.086619615554809570e+00
1.017922282218933105e+00
1.001730322837829590e+00
9.707509279251098633e-01
9.515650272369384766e-01
9.095356464385986328e-01
9.413365125656127930e-01
1.020073890686035156e+00
1.022286891937255859e+00
1.144110679626464844e+00
1.093564510345458984e+00
1.060141921043395996e+00
1.074355840682983398e+00
1.044137835502624512e+00
9.989250898361206055e-01
1.011747956275939941e+00
1.006922245025634766e+00
9.541856050491333008e-01
7.317414283752441406e-01
1.179687976837158203e+00
8.079155683517456055e-01
1.216954231262207031e+00
1.101627707481384277e+00
1.059623122215270996e+00
1.024186015129089355e+00
1.031520128250122070e+00
9.384051561355590820e-01
9.111217260360717773e-01
9.469238519668579102e-01
9.235993623733520508e-01
9.599204063415527344e-01
1.015069007873535156e+00
1.023445844650268555e+00
