1.406246982514858246e-02
1.456608623266220093e-02
1.505812071263790131e-02
1.537473686039447784e-02
1.544852927327156067e-02
1.535801962018013000e-02
1.531392708420753479e-02
1.527442783117294312e-02
1.505432650446891785e-02
1.538018137216567993e-02
1.554094627499580383e-02
1.482849195599555969e-02
1.475974172353744507e-02
1.461945474147796631e-02
1.433522626757621765e-02
1.354835182428359985e-02
1.288505643606185913e-02
1.306672766804695129e-02
1.329322531819343567e-02
1.359088905155658722e-02
1.336364820599555969e-02
1.354310847818851471e-02
1.358187198638916016e-02
1.381246931850910187e-02
1.417001336812973022e-02
1.504869759082794189e-02
1.545959524810314178e-02
1.579220965504646301e-02
1.575824059545993805e-02
1.573430001735687256e-02
1.569436304271221161e-02
1.545097678899765015e-02
1.464696228504180908e-02
1.506694592535495758e-02
1.493001542985439301e-02
2.208703383803367615e-02
1.646527647972106934e-02
1.560803130269050598e-02
1.457383856177330017e-02
2.036009915173053741e-02
1.470599323511123657e-02
1.915637217462062836e-02
2.059158310294151306e-02
1.471651718020439148e-02
1.349630020558834076e-02
1.283675059676170349e-02
1.268473640084266663e-02
1.789703406393527985e-02
2.092678099870681763e-02
3.185065463185310364e-02
2.715037763118743896e-02
3.497489541769027710e-02
3.795126080513000488e-02
3.771291300654411316e-02
2.842339314520359039e-02
2.705166675150394440e-02
2.651824802160263062e-02
2.514756098389625549e-02
2.529433369636535645e-02
2.536696009337902069e-02
1.555921137332916260e-02
1.486527919769287109e-02
1.351309567689895630e-02
1.332765445113182068e-02
1.313203573226928711e-02
1.336962357163429260e-02
1.308549568057060242e-02
1.329554989933967590e-02
1.363428868353366852e-02
1.318017393350601196e-02
1.345793157815933228e-02
1.373246312141418457e-02
1.412284933030605316e-02
2.234631218016147614e-02
2.479415200650691986e-02
2.744360268115997314e-02
2.759157866239547729e-02
2.755219489336013794e-02
2.626572549343109131e-02
2.661097235977649689e-02
2.524709701538085938e-02
1.779298856854438782e-02
1.587332412600517273e-02
1.497522369027137756e-02
1.365158706903457642e-02
1.419436931610107422e-02
1.474451646208763123e-02
1.359492540359497070e-02
1.341623440384864807e-02
1.362007483839988708e-02
1.350229419767856598e-02
1.340063475072383881e-02
1.321540772914886475e-02
1.283848658204078674e-02
1.305412128567695618e-02
1.378153078258037567e-02
1.421041414141654968e-02
2.203733101487159729e-02
2.475374564528465271e-02
2.610864862799644470e-02
2.776820957660675049e-02
1.880513876676559448e-02
2.337170578539371490e-02
1.697064563632011414e-02
1.534849032759666443e-02
1.510690897703170776e-02
1.481709070503711700e-02
1.456604152917861938e-02
2.135434374213218689e-02
1.557060144841670990e-02
1.351739466190338135e-02
1.399136520922183990e-02
1.366893202066421509e-02
1.337751373648643494e-02
1.828365027904510498e-02
1.373063400387763977e-02
1.348088681697845459e-02
1.332996413111686707e-02
1.353838294744491577e-02
1.353609189391136169e-02
1.350987888872623444e-02
1.381401345133781433e-02
1.368515752255916595e-02
1.481379941105842590e-02
1.507085002958774567e-02
1.558211445808410645e-02
1.602696254849433899e-02
1.612762734293937683e-02
1.614189520478248596e-02
1.622903905808925629e-02
1.567280665040016174e-02
1.573593541979789734e-02
1.570665836334228516e-02
1.569467410445213318e-02
1.591231673955917358e-02
1.543097570538520813e-02
1.513911597430706024e-02
1.534742861986160278e-02
1.424115337431430817e-02
1.432449370622634888e-02
1.455942541360855103e-02
1.454599015414714813e-02
1.457698270678520203e-02
1.477682776749134064e-02
1.511473581194877625e-02
1.492458209395408630e-02
1.517927646636962891e-02
1.608746871352195740e-02
1.629831641912460327e-02
1.603439450263977051e-02
1.655893586575984955e-02
1.651584357023239136e-02
1.638704165816307068e-02
1.658455654978752136e-02
1.648103818297386169e-02
1.609947159886360168e-02
1.635433360934257507e-02
1.664207689464092255e-02
1.634402573108673096e-02
1.629151031374931335e-02
1.570251956582069397e-02
1.488920301198959351e-02
1.485992595553398132e-02
1.422624476253986359e-02
1.402476802468299866e-02
1.413534767925739288e-02
1.418069563806056976e-02
1.414717733860015869e-02
1.424622163176536560e-02
1.428386196494102478e-02
1.492087170481681824e-02
1.526835188269615173e-02
1.568918675184249878e-02
1.579416543245315552e-02
1.582078263163566589e-02
1.651087775826454163e-02
1.639943197369575500e-02
1.638550311326980591e-02
1.635577343404293060e-02
1.566163636744022369e-02
1.434368267655372620e-02
1.448704302310943604e-02
1.463825255632400513e-02
1.498382538557052612e-02
1.464337483048439026e-02
1.443734019994735718e-02
1.407233066856861115e-02
1.384017616510391235e-02
1.312755048274993896e-02
1.285305805504322052e-02
1.903521269559860229e-02
1.442707702517509460e-02
1.374708861112594604e-02
1.334654539823532104e-02
1.317490637302398682e-02
1.389748230576515198e-02
1.441027782857418060e-02
1.495153456926345825e-02
1.521183550357818604e-02
1.519942283630371094e-02
1.519466377794742584e-02
1.507814414799213409e-02
1.493959873914718628e-02
1.507326588034629822e-02
1.490240171551704407e-02
1.486195996403694153e-02
1.458178833127021790e-02
1.477907970547676086e-02
1.472466439008712769e-02
1.415530405938625336e-02
1.402895711362361908e-02
1.355249620974063873e-02
1.313017308712005615e-02
1.247757673263549805e-02
1.264543831348419189e-02
1.267791539430618286e-02
1.240585371851921082e-02
1.258173212409019470e-02
1.929642818868160248e-02
1.490457728505134583e-02
2.215437777340412140e-02
2.423215843737125397e-02
1.725402474403381348e-02
2.391866035759449005e-02
2.438614889979362488e-02
1.747307926416397095e-02
1.576076447963714600e-02
1.525949500501155853e-02
1.464837044477462769e-02
1.420497894287109375e-02
1.377393305301666260e-02
1.391368731856346130e-02
1.385572552680969238e-02
1.384247094392776489e-02
1.353631913661956787e-02
1.288571767508983612e-02
1.297931186854839325e-02
1.293478161096572876e-02
1.306977868080139160e-02
1.305859722197055817e-02
1.308208890259265900e-02
1.298187486827373505e-02
1.302594505250453949e-02
1.376251131296157837e-02
2.192485705018043518e-02
1.638482324779033661e-02
2.291531674563884735e-02
1.688996143639087677e-02
1.552251353859901428e-02
1.483362726867198944e-02
1.445105113089084625e-02
1.364277862012386322e-02
1.394468918442726135e-02
1.428468897938728333e-02
1.387533918023109436e-02
1.407742500305175781e-02
1.405898854136466980e-02
1.372031867504119873e-02
1.387309469282627106e-02
