1.414066314697265625e+00
1.361547708511352539e+00
1.100952148437500000e+00
9.791069030761718750e-01
9.305381774902343750e-01
9.443150758743286133e-01
9.414721727371215820e-01
1.003274440765380859e+00
1.008987069129943848e+00
9.673891067504882812e-01
9.809886217117309570e-01
9.802000522613525391e-01
9.602682590484619141e-01
9.257782697677612305e-01
8.607218265533447266e-01
8.561725616455078125e-01
9.733186960220336914e-01
9.578758478164672852e-01
1.094494819641113281e+00
1.137099623680114746e+00
1.142010688781738281e+00
1.239845395088195801e+00
1.269595623016357422e+00
1.195275425910949707e+00
1.176140069961547852e+00
1.186753988265991211e+00
1.109535336494445801e+00
1.043028473854064941e+00
1.013202071189880371e+00
9.740079641342163086e-01
9.603590965270996094e-01
9.462711811065673828e-01
9.693299531936645508e-01
9.787997007369995117e-01
9.531508684158325195e-01
9.867140054702758789e-01
9.588080644607543945e-01
9.502468109130859375e-01
9.093222618103027344e-01
8.665282726287841797e-01
8.962277173995971680e-01
9.585584402084350586e-01
9.507732391357421875e-01
1.009218215942382812e+00
1.083375215530395508e+00
1.234120249748229980e+00
1.336052775382995605e+00
1.371910452842712402e+00
1.445459485054016113e+00
1.330561399459838867e+00
1.162478208541870117e+00
1.007352352142333984e+00
9.282432794570922852e-01
9.607653617858886719e-01
9.807221889495849609e-01
9.581594467163085938e-01
9.494665861129760742e-01
9.572182893753051758e-01
9.293409585952758789e-01
9.569482803344726562e-01
1.055707454681396484e+00
9.845265150070190430e-01
9.558959007263183594e-01
8.826625347137451172e-01
9.110996723175048828e-01
9.966965913772583008e-01
9.600607156753540039e-01
9.905213117599487305e-01
9.897905588150024414e-01
1.073301553726196289e+00
1.302109003067016602e+00
1.469585299491882324e+00
1.449661731719970703e+00
1.354110360145568848e+00
1.174014806747436523e+00
9.741411209106445312e-01
9.314328432083129883e-01
9.690053462982177734e-01
9.925107955932617188e-01
9.860633611679077148e-01
9.708734750747680664e-01
9.244087934494018555e-01
9.070507287979125977e-01
9.664965867996215820e-01
1.043163776397705078e+00
9.861195087432861328e-01
9.206190109252929688e-01
8.463764190673828125e-01
7.897882461547851562e-01
9.899678230285644531e-01
1.111002802848815918e+00
1.101566791534423828e+00
9.875063896179199219e-01
1.018992066383361816e+00
1.211029887199401855e+00
1.451318502426147461e+00
1.553319215774536133e+00
1.435930013656616211e+00
1.186279892921447754e+00
9.491108655929565430e-01
8.967459201812744141e-01
9.689364433288574219e-01
9.887709617614746094e-01
9.391385316848754883e-01
9.596004486083984375e-01
9.556481838226318359e-01
9.408297538757324219e-01
9.948236942291259766e-01
1.102376341819763184e+00
1.023355484008789062e+00
8.815726041793823242e-01
9.265784025192260742e-01
9.265532493591308594e-01
1.075478792190551758e+00
1.101829648017883301e+00
1.146425724029541016e+00
1.011424779891967773e+00
9.345320463180541992e-01
1.128436923027038574e+00
1.289190649986267090e+00
1.412744522094726562e+00
1.413796544075012207e+00
1.272012114524841309e+00
1.104134202003479004e+00
1.040387272834777832e+00
9.409086704254150391e-01
9.831525087356567383e-01
9.788168668746948242e-01
1.005854606628417969e+00
9.745345115661621094e-01
9.697370529174804688e-01
9.873315095901489258e-01
9.761658906936645508e-01
9.810500144958496094e-01
9.448220729827880859e-01
8.872665166854858398e-01
8.874708414077758789e-01
8.868268728256225586e-01
1.040197849273681641e+00
1.007300496101379395e+00
1.046667933464050293e+00
1.059264302253723145e+00
1.090340495109558105e+00
1.075122714042663574e+00
1.231179118156433105e+00
1.261435627937316895e+00
1.317605257034301758e+00
1.212496399879455566e+00
1.144881486892700195e+00
1.006927371025085449e+00
9.277979135513305664e-01
9.186749458312988281e-01
9.972207546234130859e-01
1.019847869873046875e+00
9.703456163406372070e-01
9.792139530181884766e-01
9.743992090225219727e-01
9.424688816070556641e-01
9.457228183746337891e-01
9.667305946350097656e-01
9.295930862426757812e-01
8.541622161865234375e-01
8.770829439163208008e-01
9.429043531417846680e-01
9.236217737197875977e-01
1.077917575836181641e+00
1.238340139389038086e+00
1.191801786422729492e+00
1.366980314254760742e+00
1.446096897125244141e+00
1.291552186012268066e+00
1.149312376976013184e+00
1.004371523857116699e+00
9.267739057540893555e-01
9.458962678909301758e-01
9.308950901031494141e-01
9.819235801696777344e-01
1.034875273704528809e+00
9.830344915390014648e-01
9.428434371948242188e-01
9.778372049331665039e-01
9.610807895660400391e-01
9.521405696868896484e-01
9.550938606262207031e-01
8.882366418838500977e-01
9.638128280639648438e-01
9.422051906585693359e-01
9.458215236663818359e-01
9.610470533370971680e-01
1.005342125892639160e+00
1.114618897438049316e+00
1.169368505477905273e+00
1.086389780044555664e+00
1.226016998291015625e+00
1.224371194839477539e+00
1.057850837707519531e+00
1.105312347412109375e+00
1.072494745254516602e+00
1.040461421012878418e+00
1.005927443504333496e+00
9.748312234878540039e-01
9.529982805252075195e-01
9.847532510757446289e-01
9.809318780899047852e-01
9.546383619308471680e-01
9.091866016387939453e-01
8.874588012695312500e-01
9.202519655227661133e-01
9.349551200866699219e-01
1.008444070816040039e+00
1.001700162887573242e+00
8.610583543777465820e-01
7.908301949501037598e-01
7.434147596359252930e-01
1.334354639053344727e+00
1.096690177917480469e+00
1.243778824806213379e+00
1.220067501068115234e+00
1.346188306808471680e+00
1.336596727371215820e+00
1.256573081016540527e+00
1.104424953460693359e+00
9.741044044494628906e-01
9.626244306564331055e-01
9.423854351043701172e-01
9.606454372406005859e-01
9.919110536575317383e-01
9.266119003295898438e-01
9.577274322509765625e-01
9.497417211532592773e-01
1.002786397933959961e+00
9.838602542877197266e-01
9.579515457153320312e-01
8.632119894027709961e-01
8.432009220123291016e-01
1.007636189460754395e+00
1.014629602432250977e+00
1.126928925514221191e+00
1.084580898284912109e+00
9.950650930404663086e-01
1.110131978988647461e+00
1.236170530319213867e+00
1.405296087265014648e+00
1.420598745346069336e+00
1.250593423843383789e+00
1.066769003868103027e+00
9.942348003387451172e-01
9.580750465393066406e-01
9.277449846267700195e-01
9.610543251037597656e-01
9.740431308746337891e-01
1.006210565567016602e+00
9.813522100448608398e-01
9.382838010787963867e-01
9.666328430175781250e-01
9.530510902404785156e-01
9.453446865081787109e-01
8.695586919784545898e-01
8.884516954421997070e-01
