2.107845544815063477e-01
2.748767733573913574e-01
2.472407668828964233e-01
2.428572177886962891e-01
2.214156687259674072e-01
1.827849745750427246e-01
1.893456131219863892e-01
1.903217732906341553e-01
1.627772748470306396e-01
1.645353734493255615e-01
1.959856897592544556e-01
1.839496046304702759e-01
1.856193244457244873e-01
1.970146000385284424e-01
1.610213220119476318e-01
1.307671219110488892e-01
9.847095608711242676e-02
1.084984913468360901e-01
1.154001802206039429e-01
9.443169832229614258e-02
1.136864200234413147e-01
1.119705811142921448e-01
1.359750479459762573e-01
1.403953433036804199e-01
1.778764724731445312e-01
2.235503643751144409e-01
2.591716647148132324e-01
2.366757839918136597e-01
2.211487889289855957e-01
2.072395682334899902e-01
2.017005532979965210e-01
1.809407621622085571e-01
1.707698106765747070e-01
1.870171725749969482e-01
1.832572668790817261e-01
2.124580889940261841e-01
2.158381640911102295e-01
2.163687944412231445e-01
2.243625372648239136e-01
1.924984306097030640e-01
1.271946430206298828e-01
8.861413598060607910e-02
9.545350819826126099e-02
8.252179622650146484e-02
8.578009158372879028e-02
9.874604642391204834e-02
1.275934725999832153e-01
1.457484066486358643e-01
2.298928648233413696e-01
2.868944704532623291e-01
3.396257758140563965e-01
3.527030348777770996e-01
3.751127719879150391e-01
2.881943285465240479e-01
2.626274526119232178e-01
2.905480861663818359e-01
2.682358622550964355e-01
1.978117227554321289e-01
1.895429193973541260e-01
1.802131086587905884e-01
1.416426301002502441e-01
1.970148682594299316e-01
2.366860061883926392e-01
2.145278155803680420e-01
1.746419966220855713e-01
1.515433490276336670e-01
8.696320652961730957e-02
1.007471829652786255e-01
1.126362979412078857e-01
8.243860304355621338e-02
1.114581227302551270e-01
1.526351422071456909e-01
2.289423495531082153e-01
2.805752158164978027e-01
3.643652796745300293e-01
3.938093185424804688e-01
3.391600251197814941e-01
2.394739389419555664e-01
2.245073616504669189e-01
2.383091151714324951e-01
2.128919363021850586e-01
1.785344034433364868e-01
1.970796287059783936e-01
1.844818592071533203e-01
1.482430100440979004e-01
1.963871419429779053e-01
2.636345922946929932e-01
1.801757365465164185e-01
1.052191928029060364e-01
1.230478584766387939e-01
1.296822428703308105e-01
9.812799841165542603e-02
7.714717835187911987e-02
7.775445282459259033e-02
1.077847927808761597e-01
1.739657521247863770e-01
2.441733479499816895e-01
2.524967789649963379e-01
2.875131964683532715e-01
2.996136546134948730e-01
3.282234668731689453e-01
2.347796261310577393e-01
1.662996411323547363e-01
2.097113132476806641e-01
2.223785072565078735e-01
2.132069170475006104e-01
1.852551102638244629e-01
1.517168134450912476e-01
1.317203193902969360e-01
1.720930188894271851e-01
1.539961546659469604e-01
1.639997661113739014e-01
1.385949701070785522e-01
1.288016140460968018e-01
1.107022464275360107e-01
1.011971756815910339e-01
1.038792505860328674e-01
9.123259037733078003e-02
9.357386827468872070e-02
1.033474057912826538e-01
1.249974220991134644e-01
1.655387431383132935e-01
1.788537651300430298e-01
2.196100503206253052e-01
1.960542052984237671e-01
1.872888654470443726e-01
1.634784042835235596e-01
1.466205865144729614e-01
1.181725561618804932e-01
1.147711426019668579e-01
1.031158715486526489e-01
1.300902366638183594e-01
1.351220607757568359e-01
1.576760560274124146e-01
1.547144800424575806e-01
1.455183029174804688e-01
1.362188756465911865e-01
1.470202207565307617e-01
1.359604746103286743e-01
8.738461881875991821e-02
7.737249135971069336e-02
8.533111959695816040e-02
7.906416058540344238e-02
8.557142317295074463e-02
1.185294166207313538e-01
1.370806396007537842e-01
1.402469277381896973e-01
1.727928817272186279e-01
1.959884762763977051e-01
1.747058182954788208e-01
1.811534464359283447e-01
1.714093834161758423e-01
1.271979361772537231e-01
1.259900331497192383e-01
1.607339084148406982e-01
1.465650200843811035e-01
1.508062928915023804e-01
1.634712517261505127e-01
1.666074693202972412e-01
1.852561086416244507e-01
1.451819986104965210e-01
1.232595816254615784e-01
9.996696561574935913e-02
8.233100175857543945e-02
6.294514983892440796e-02
7.180996984243392944e-02
9.899801015853881836e-02
9.803102910518646240e-02
1.397177428007125854e-01
1.399847865104675293e-01
1.810221821069717407e-01
1.886230707168579102e-01
1.870310008525848389e-01
1.712088137865066528e-01
1.627839207649230957e-01
1.847997009754180908e-01
1.685670465230941772e-01
1.064869463443756104e-01
1.357962191104888916e-01
1.555305272340774536e-01
1.165088564157485962e-01
1.335208714008331299e-01
1.503202021121978760e-01
1.753656566143035889e-01
1.670458912849426270e-01
1.355339139699935913e-01
1.242934390902519226e-01
9.936030209064483643e-02
1.241322979331016541e-01
9.602399915456771851e-02
7.384426146745681763e-02
1.026714444160461426e-01
1.271367967128753662e-01
1.258669793605804443e-01
1.498980224132537842e-01
1.550782471895217896e-01
2.166399359703063965e-01
2.378396689891815186e-01
2.254703044891357422e-01
4.444280862808227539e-01
1.895023286342620850e-01
1.426030695438385010e-01
1.436839401721954346e-01
1.713920831680297852e-01
1.556129008531570435e-01
1.481379568576812744e-01
1.845114678144454956e-01
2.171542048454284668e-01
2.603430747985839844e-01
1.963031142950057983e-01
1.602279245853424072e-01
1.349098980426788330e-01
7.111229002475738525e-02
8.407766371965408325e-02
7.619293034076690674e-02
8.684928715229034424e-02
1.087191924452781677e-01
1.353167295455932617e-01
1.705522388219833374e-01
2.242431342601776123e-01
2.902836799621582031e-01
2.652817368507385254e-01
2.726578712463378906e-01
2.437537163496017456e-01
1.869500875473022461e-01
1.778450608253479004e-01
1.584007591009140015e-01
1.884746551513671875e-01
2.128715515136718750e-01
1.626980453729629517e-01
1.424344182014465332e-01
1.926794946193695068e-01
2.017640173435211182e-01
1.620495021343231201e-01
1.422950178384780884e-01
1.141041368246078491e-01
1.315167248249053955e-01
1.143699586391448975e-01
8.122286200523376465e-02
8.021869510412216187e-02
1.055886745452880859e-01
1.447070538997650146e-01
1.584717035293579102e-01
2.018896788358688354e-01
2.438326328992843628e-01
2.676677703857421875e-01
2.755698859691619873e-01
1.948100477457046509e-01
1.837934404611587524e-01
1.841172426939010620e-01
1.586215198040008545e-01
1.516152024269104004e-01
1.655992567539215088e-01
1.738626360893249512e-01
1.605397611856460571e-01
1.882855892181396484e-01
2.183851301670074463e-01
1.721431016921997070e-01
1.802739948034286499e-01
