5.463983863592147827e-02
7.682993263006210327e-02
4.007859900593757629e-02
6.096856668591499329e-02
6.944730877876281738e-02
6.968151032924652100e-02
5.887914821505546570e-02
6.919664144515991211e-02
5.720135569572448730e-02
5.991520360112190247e-02
6.073463708162307739e-02
5.660665035247802734e-02
5.733530223369598389e-02
6.728227436542510986e-02
5.357725918292999268e-02
3.862678259611129761e-02
4.419393092393875122e-02
6.241527199745178223e-02
3.139834105968475342e-02
1.521920412778854370e-02
2.267406880855560303e-02
2.325147390365600586e-02
3.282198309898376465e-02
5.214499309659004211e-02
5.488053336739540100e-02
6.157704070210456848e-02
5.143612623214721680e-02
6.183787435293197632e-02
7.122626155614852905e-02
6.061750650405883789e-02
6.013451516628265381e-02
5.860812216997146606e-02
4.396212100982666016e-02
7.051617652177810669e-02
6.898942589759826660e-02
5.805852636694908142e-02
5.995107442140579224e-02
8.211502432823181152e-02
5.671814829111099243e-02
5.305761843919754028e-02
4.998432844877243042e-02
2.822777628898620605e-02
4.758424311876296997e-02
4.515839740633964539e-02
5.039787292480468750e-02
5.532400310039520264e-02
4.324433207511901855e-02
6.483490020036697388e-02
6.884300708770751953e-02
1.255107522010803223e-01
1.835736632347106934e-01
1.890936493873596191e-01
2.241381406784057617e-01
2.106239199638366699e-01
1.639109253883361816e-01
1.397886574268341064e-01
1.665848344564437866e-01
1.927378326654434204e-01
1.752201169729232788e-01
1.608080267906188965e-01
8.676316589117050171e-02
1.401984095573425293e-01
1.156032457947731018e-01
1.664517223834991455e-01
1.149067357182502747e-01
1.009569093585014343e-01
7.229858636856079102e-02
6.298248469829559326e-02
5.250750482082366943e-02
3.640417754650115967e-02
4.608824104070663452e-02
3.632657974958419800e-02
5.695558339357376099e-02
1.182486489415168762e-01
1.374891400337219238e-01
1.993795037269592285e-01
2.146744579076766968e-01
1.916935145854949951e-01
1.329953521490097046e-01
1.475630402565002441e-01
1.568996310234069824e-01
1.446858942508697510e-01
1.800451874732971191e-01
1.173820421099662781e-01
9.846564382314682007e-02
1.056216061115264893e-01
1.367450058460235596e-01
1.036133915185928345e-01
8.857873082160949707e-02
8.521463721990585327e-02
5.480875447392463684e-02
5.165094137191772461e-02
3.780150413513183594e-02
2.559597045183181763e-02
3.472560644149780273e-02
3.834023326635360718e-02
5.318319797515869141e-02
7.006716728210449219e-02
1.182170510292053223e-01
1.245782673358917236e-01
1.419289708137512207e-01
1.538082361221313477e-01
1.115664169192314148e-01
1.002708226442337036e-01
9.915748238563537598e-02
1.233331412076950073e-01
1.148496419191360474e-01
9.928043186664581299e-02
7.290546596050262451e-02
8.267827332019805908e-02
7.438924163579940796e-02
1.040943637490272522e-01
7.681950926780700684e-02
5.737677589058876038e-02
5.632652342319488525e-02
4.653213545680046082e-02
2.626782655715942383e-02
3.478318452835083008e-02
3.701770305633544922e-02
2.964460849761962891e-02
3.859148919582366943e-02
4.006130620837211609e-02
4.835712164640426636e-02
7.266165316104888916e-02
7.350610196590423584e-02
7.687332481145858765e-02
7.943370938301086426e-02
7.979331910610198975e-02
6.827875226736068726e-02
6.782251596450805664e-02
5.568557232618331909e-02
6.845963746309280396e-02
5.932189896702766418e-02
4.872892796993255615e-02
3.934811800718307495e-02
4.861866682767868042e-02
4.709185659885406494e-02
4.900773987174034119e-02
4.235010966658592224e-02
4.346227645874023438e-02
4.574805498123168945e-02
4.301904886960983276e-02
2.420970797538757324e-02
2.566900849342346191e-02
4.378274083137512207e-02
4.283407703042030334e-02
4.407439753413200378e-02
5.853133648633956909e-02
5.962971225380897522e-02
5.816634371876716614e-02
5.073913559317588806e-02
7.004195451736450195e-02
7.139344513416290283e-02
5.069886147975921631e-02
5.073912441730499268e-02
4.823790490627288818e-02
5.113845691084861755e-02
6.443381309509277344e-02
5.195193365216255188e-02
7.667339593172073364e-02
4.991227388381958008e-02
4.711836948990821838e-02
4.535599797964096069e-02
4.201251640915870667e-02
3.184878081083297729e-02
3.164711594581604004e-02
2.323578298091888428e-02
3.149323165416717529e-02
2.404722571372985840e-02
5.298273265361785889e-02
3.612197190523147583e-02
5.663872510194778442e-02
5.809605866670608521e-02
5.815736204385757446e-02
8.872276544570922852e-02
6.125514209270477295e-02
6.101625412702560425e-02
5.934598669409751892e-02
6.089485064148902893e-02
5.746681988239288330e-02
6.186316907405853271e-02
5.489653721451759338e-02
6.790245324373245239e-02
5.873293802142143250e-02
5.583360791206359863e-02
5.520839244127273560e-02
5.133299529552459717e-02
4.144429415464401245e-02
4.600471258163452148e-02
2.088168263435363770e-02
3.691385686397552490e-02
1.331306993961334229e-02
2.950055897235870361e-02
2.269540727138519287e-02
3.179499506950378418e-02
4.220283776521682739e-02
3.552769869565963745e-02
5.689343810081481934e-02
5.476834625005722046e-02
8.018171042203903198e-02
5.460549890995025635e-02
6.338317692279815674e-02
6.279744207859039307e-02
5.450845509767532349e-02
5.397912859916687012e-02
6.324458867311477661e-02
6.332950294017791748e-02
6.496383249759674072e-02
7.444322109222412109e-02
6.710842996835708618e-02
6.949567794799804688e-02
5.572646111249923706e-02
5.063550919294357300e-02
3.063260018825531006e-02
3.115828335285186768e-02
2.988196164369583130e-02
3.501989692449569702e-02
3.163994848728179932e-02
4.755969718098640442e-02
6.411916017532348633e-02
6.389539688825607300e-02
8.488374948501586914e-02
1.036118939518928528e-01
9.857782721519470215e-02
8.306019753217697144e-02
8.907804638147354126e-02
1.086676567792892456e-01
1.133271381258964539e-01
1.003605797886848450e-01
8.848847448825836182e-02
6.489989161491394043e-02
7.495947182178497314e-02
7.389572262763977051e-02
6.445834785699844360e-02
5.440668761730194092e-02
4.924153536558151245e-02
3.327855467796325684e-02
3.302315622568130493e-02
2.501793205738067627e-02
2.623594552278518677e-02
3.941744193434715271e-02
4.110171273350715637e-02
4.809393733739852905e-02
5.202518031001091003e-02
8.974388241767883301e-02
8.969083428382873535e-02
1.017179712653160095e-01
1.373267024755477905e-01
9.177859872579574585e-02
8.403608947992324829e-02
7.885129004716873169e-02
9.019351005554199219e-02
8.518020808696746826e-02
9.387388080358505249e-02
9.445061534643173218e-02
7.391248643398284912e-02
8.386535942554473877e-02
7.077462971210479736e-02
7.180539518594741821e-02
