1.223636746406555176e+00
1.390640735626220703e+00
1.575307369232177734e+00
1.148295879364013672e+00
1.092538595199584961e+00
1.073345661163330078e+00
1.074921965599060059e+00
9.635636806488037109e-01
1.054280042648315430e+00
9.569371342658996582e-01
9.312794804573059082e-01
9.400217533111572266e-01
9.079602956771850586e-01
8.523449301719665527e-01
9.335097670555114746e-01
1.005231380462646484e+00
9.208549261093139648e-01
7.753881216049194336e-01
1.272494673728942871e+00
1.354139804840087891e+00
8.592296242713928223e-01
1.109133958816528320e+00
1.223943948745727539e+00
1.243313074111938477e+00
1.333968400955200195e+00
1.200434923171997070e+00
1.127729177474975586e+00
9.546471238136291504e-01
9.384067058563232422e-01
1.010018825531005859e+00
9.657439589500427246e-01
9.656136631965637207e-01
1.050059080123901367e+00
8.282997012138366699e-01
8.705063462257385254e-01
9.488361477851867676e-01
9.069868922233581543e-01
8.252279162406921387e-01
1.089683294296264648e+00
1.008716583251953125e+00
9.764741063117980957e-01
1.049127817153930664e+00
8.025906682014465332e-01
1.123168230056762695e+00
1.110998630523681641e+00
1.113561272621154785e+00
1.158927440643310547e+00
8.720379471778869629e-01
1.083920001983642578e+00
9.943546056747436523e-01
1.002198815345764160e+00
1.040606737136840820e+00
1.014518499374389648e+00
9.802864193916320801e-01
1.027856349945068359e+00
1.029864788055419922e+00
9.351369738578796387e-01
9.155815243721008301e-01
9.556363224983215332e-01
9.628711342811584473e-01
1.088453531265258789e+00
8.667892813682556152e-01
9.199433922767639160e-01
8.117256760597229004e-01
1.074575424194335938e+00
1.147053003311157227e+00
1.117622613906860352e+00
1.033258676528930664e+00
1.014252662658691406e+00
1.049364328384399414e+00
9.261168837547302246e-01
1.347632884979248047e+00
1.353539466857910156e+00
1.431769847869873047e+00
1.542114257812500000e+00
1.237018585205078125e+00
1.180562973022460938e+00
1.075810551643371582e+00
1.098078012466430664e+00
9.638462066650390625e-01
9.638369679450988770e-01
9.969239830970764160e-01
9.179764389991760254e-01
1.035506963729858398e+00
1.022259712219238281e+00
9.350988864898681641e-01
8.662840127944946289e-01
9.347572326660156250e-01
1.004471421241760254e+00
9.899265170097351074e-01
1.198755502700805664e+00
1.085366964340209961e+00
1.140448093414306641e+00
1.106500625610351562e+00
1.055895090103149414e+00
1.423063039779663086e+00
1.526400327682495117e+00
1.626864194869995117e+00
1.418657779693603516e+00
1.335686206817626953e+00
1.150332689285278320e+00
1.038848876953125000e+00
1.069979667663574219e+00
1.011862277984619141e+00
9.791517853736877441e-01
9.101856350898742676e-01
9.688810706138610840e-01
9.759352207183837891e-01
1.030945777893066406e+00
9.026712775230407715e-01
9.175692200660705566e-01
7.855582833290100098e-01
9.672860503196716309e-01
1.196747303009033203e+00
1.069642305374145508e+00
1.119512081146240234e+00
1.229451537132263184e+00
9.157604575157165527e-01
1.137637615203857422e+00
1.430763006210327148e+00
1.403525114059448242e+00
1.472629070281982422e+00
1.339897155761718750e+00
1.186956524848937988e+00
1.252704858779907227e+00
1.156268715858459473e+00
1.095429301261901855e+00
1.032915830612182617e+00
1.026095390319824219e+00
9.762313961982727051e-01
9.993860125541687012e-01
8.669240474700927734e-01
9.525334239006042480e-01
9.704596400260925293e-01
9.406012892723083496e-01
7.968569397926330566e-01
8.626989126205444336e-01
9.317469596862792969e-01
1.210508584976196289e+00
1.145390748977661133e+00
1.133872747421264648e+00
1.180086851119995117e+00
1.314904928207397461e+00
1.015057802200317383e+00
9.697736501693725586e-01
1.312437295913696289e+00
1.411546707153320312e+00
1.229011058807373047e+00
1.157856702804565430e+00
1.051020026206970215e+00
1.049237966537475586e+00
8.972074985504150391e-01
9.841594099998474121e-01
1.077341318130493164e+00
9.771650433540344238e-01
9.553087353706359863e-01
9.030592441558837891e-01
8.354248404502868652e-01
9.296354055404663086e-01
9.124549031257629395e-01
1.092346191406250000e+00
9.876033067703247070e-01
9.909319877624511719e-01
9.801691174507141113e-01
1.029629707336425781e+00
9.152396321296691895e-01
1.147101163864135742e+00
1.009453296661376953e+00
1.216139078140258789e+00
1.091537475585937500e+00
1.506564378738403320e+00
1.250315785408020020e+00
1.258344173431396484e+00
1.115245819091796875e+00
9.718692898750305176e-01
1.096589326858520508e+00
1.023814201354980469e+00
1.002585530281066895e+00
9.730177521705627441e-01
9.702863097190856934e-01
9.243351817131042480e-01
9.614550471305847168e-01
8.593925833702087402e-01
9.336823821067810059e-01
9.652134180068969727e-01
8.761124610900878906e-01
9.727650284767150879e-01
1.010164499282836914e+00
9.142383933067321777e-01
1.324352979660034180e+00
8.744415044784545898e-01
1.480408430099487305e+00
1.102319359779357910e+00
1.556255102157592773e+00
1.294505834579467773e+00
1.196333408355712891e+00
1.190456151962280273e+00
9.790945649147033691e-01
1.029947757720947266e+00
9.235362410545349121e-01
1.078608751296997070e+00
9.685987830162048340e-01
9.648386240005493164e-01
1.007778406143188477e+00
9.640085697174072266e-01
9.082635641098022461e-01
8.831568360328674316e-01
9.128842949867248535e-01
8.690162301063537598e-01
9.154912829399108887e-01
9.044638276100158691e-01
9.353345036506652832e-01
9.571967720985412598e-01
1.019885540008544922e+00
9.359844923019409180e-01
9.036570191383361816e-01
1.024490833282470703e+00
1.262088537216186523e+00
1.125683903694152832e+00
1.236094713211059570e+00
1.354709863662719727e+00
1.167516469955444336e+00
1.076598405838012695e+00
1.070382118225097656e+00
1.054930448532104492e+00
9.741770625114440918e-01
9.224832057952880859e-01
9.586243033409118652e-01
9.661093354225158691e-01
9.713627696037292480e-01
1.012616395950317383e+00
8.833410143852233887e-01
9.013646245002746582e-01
9.067949652671813965e-01
9.564807415008544922e-01
9.094581007957458496e-01
1.078122854232788086e+00
1.036033391952514648e+00
1.146274805068969727e+00
1.061218023300170898e+00
1.183486223220825195e+00
1.607662916183471680e+00
1.584053039550781250e+00
1.458479881286621094e+00
1.191343069076538086e+00
1.178932428359985352e+00
1.077041387557983398e+00
9.779486656188964844e-01
1.104412078857421875e+00
1.035619854927062988e+00
9.981501698493957520e-01
9.252933859825134277e-01
9.549962878227233887e-01
9.121631979942321777e-01
9.140997529029846191e-01
9.651104211807250977e-01
8.696394562721252441e-01
9.074439406394958496e-01
8.591319322586059570e-01
