1.056658864021301270e+00
9.509658217430114746e-01
9.964279532432556152e-01
9.346888065338134766e-01
1.017984747886657715e+00
1.067139267921447754e+00
1.030319690704345703e+00
9.527871608734130859e-01
8.911421895027160645e-01
1.016501188278198242e+00
1.009048700332641602e+00
1.045172572135925293e+00
1.010991215705871582e+00
9.975467920303344727e-01
9.088853597640991211e-01
9.866932034492492676e-01
1.058400154113769531e+00
1.007123947143554688e+00
1.036416053771972656e+00
9.966129660606384277e-01
1.008818984031677246e+00
9.885854721069335938e-01
9.967507123947143555e-01
9.945548176765441895e-01
1.043865919113159180e+00
9.886027574539184570e-01
9.904100894927978516e-01
9.868428707122802734e-01
9.989896416664123535e-01
9.458467960357666016e-01
9.760684967041015625e-01
1.046692252159118652e+00
9.948640465736389160e-01
9.586669206619262695e-01
9.760617017745971680e-01
9.451018571853637695e-01
1.008664608001708984e+00
9.965959191322326660e-01
1.019729495048522949e+00
9.807457923889160156e-01
9.979237318038940430e-01
1.018156409263610840e+00
9.841093420982360840e-01
1.041914224624633789e+00
9.667628407478332520e-01
9.133565425872802734e-01
9.987168312072753906e-01
1.000507593154907227e+00
9.228259921073913574e-01
9.125244617462158203e-01
9.827804565429687500e-01
9.442015886306762695e-01
9.748927354812622070e-01
1.015897274017333984e+00
1.035812497138977051e+00
9.619612693786621094e-01
8.674612641334533691e-01
9.127261638641357422e-01
9.834194183349609375e-01
1.040080547332763672e+00
1.064882040023803711e+00
9.534747600555419922e-01
9.714183807373046875e-01
1.007689833641052246e+00
9.820010066032409668e-01
1.053715229034423828e+00
1.084901452064514160e+00
9.834930896759033203e-01
1.015260457992553711e+00
9.565030336380004883e-01
9.368245601654052734e-01
9.760866761207580566e-01
1.026587486267089844e+00
1.001308917999267578e+00
1.027010560035705566e+00
9.266648292541503906e-01
9.313520193099975586e-01
9.883767366409301758e-01
1.079613447189331055e+00
1.004269123077392578e+00
9.686847925186157227e-01
8.979936242103576660e-01
9.509807229042053223e-01
1.021510124206542969e+00
1.068216562271118164e+00
9.992412328720092773e-01
9.105429053306579590e-01
1.047484517097473145e+00
1.056697130203247070e+00
1.011463880538940430e+00
1.089048981666564941e+00
9.892128705978393555e-01
9.609115719795227051e-01
1.002378106117248535e+00
9.577255249023437500e-01
8.967864513397216797e-01
9.929835200309753418e-01
1.034711718559265137e+00
1.077732563018798828e+00
1.010071873664855957e+00
9.081059694290161133e-01
9.140774607658386230e-01
1.046702146530151367e+00
9.837732911109924316e-01
9.622018337249755859e-01
9.580488204956054688e-01
9.875323772430419922e-01
1.008023619651794434e+00
1.026719093322753906e+00
1.014347672462463379e+00
1.056875944137573242e+00
9.129389524459838867e-01
1.007312536239624023e+00
1.056274175643920898e+00
1.076412439346313477e+00
1.076561689376831055e+00
9.987213611602783203e-01
9.409651160240173340e-01
9.633492231369018555e-01
1.003156661987304688e+00
1.072437763214111328e+00
1.084735870361328125e+00
9.461722373962402344e-01
1.012771129608154297e+00
9.420451521873474121e-01
1.007738351821899414e+00
9.899223446846008301e-01
9.967459440231323242e-01
9.949235916137695312e-01
9.328371286392211914e-01
9.406812787055969238e-01
1.006083250045776367e+00
1.000802636146545410e+00
1.046832561492919922e+00
9.434230923652648926e-01
1.031255006790161133e+00
9.529894590377807617e-01
1.013194322586059570e+00
1.000774383544921875e+00
1.039506316184997559e+00
1.067087650299072266e+00
9.677628278732299805e-01
9.971361160278320312e-01
9.804720282554626465e-01
1.051522850990295410e+00
9.242753982543945312e-01
1.017492532730102539e+00
9.753206968307495117e-01
1.054841518402099609e+00
1.032627463340759277e+00
9.133892059326171875e-01
1.011641144752502441e+00
9.343007802963256836e-01
1.020938158035278320e+00
9.457400441169738770e-01
1.048087835311889648e+00
9.356128573417663574e-01
1.019279718399047852e+00
1.014885902404785156e+00
9.359979629516601562e-01
9.891638755798339844e-01
9.670177698135375977e-01
1.030694484710693359e+00
1.037780165672302246e+00
9.589952230453491211e-01
9.198142886161804199e-01
9.993312358856201172e-01
1.009102582931518555e+00
1.054411649703979492e+00
9.347927570343017578e-01
1.014137983322143555e+00
9.894365072250366211e-01
9.790503382682800293e-01
9.866474270820617676e-01
9.925115704536437988e-01
1.030009150505065918e+00
9.564119577407836914e-01
9.779026508331298828e-01
9.858967065811157227e-01
9.672410488128662109e-01
1.085594415664672852e+00
9.525302648544311523e-01
1.016759514808654785e+00
9.285814762115478516e-01
9.868034720420837402e-01
9.541128873825073242e-01
1.091013312339782715e+00
1.044090986251831055e+00
1.044850826263427734e+00
9.556613564491271973e-01
9.615821838378906250e-01
1.083476305007934570e+00
1.040323615074157715e+00
1.012663245201110840e+00
9.428163170814514160e-01
1.022352457046508789e+00
9.398887157440185547e-01
9.719123244285583496e-01
9.930779933929443359e-01
1.067710638046264648e+00
9.585153460502624512e-01
9.701142907142639160e-01
9.690902829170227051e-01
9.614268541336059570e-01
9.797359108924865723e-01
9.294228553771972656e-01
9.756468534469604492e-01
9.734231233596801758e-01
9.903357028961181641e-01
9.717842936515808105e-01
1.023593306541442871e+00
1.020902991294860840e+00
9.680651426315307617e-01
1.004836320877075195e+00
9.736043810844421387e-01
9.872829914093017578e-01
9.743896722793579102e-01
1.022199749946594238e+00
9.908484816551208496e-01
9.809415340423583984e-01
8.771928548812866211e-01
1.006545066833496094e+00
9.666379094123840332e-01
1.054622173309326172e+00
1.023546457290649414e+00
9.721017479896545410e-01
9.200871586799621582e-01
9.333719015121459961e-01
9.807211160659790039e-01
1.010459423065185547e+00
1.026564359664916992e+00
1.000825881958007812e+00
9.588088989257812500e-01
8.767919540405273438e-01
1.021122455596923828e+00
1.119978666305541992e+00
1.038450002670288086e+00
1.007372379302978516e+00
9.749352931976318359e-01
9.786302447319030762e-01
9.106769561767578125e-01
1.013565778732299805e+00
1.017985343933105469e+00
9.445424079895019531e-01
1.030843973159790039e+00
9.300817847251892090e-01
1.037859320640563965e+00
9.908775091171264648e-01
1.036378145217895508e+00
9.503167867660522461e-01
9.651280641555786133e-01
1.006370067596435547e+00
8.976714015007019043e-01
1.021587729454040527e+00
9.993515610694885254e-01
1.035854816436767578e+00
9.738327264785766602e-01
9.623635411262512207e-01
9.997590780258178711e-01
