8.623026311397552490e-02
9.403949975967407227e-02
9.128798544406890869e-02
9.995338320732116699e-02
9.465641528367996216e-02
8.536830544471740723e-02
8.249663561582565308e-02
8.879632502794265747e-02
1.039858832955360413e-01
9.655772894620895386e-02
9.593122452497482300e-02
9.012076258659362793e-02
8.885510265827178955e-02
8.759817481040954590e-02
9.931122511625289917e-02
9.638169407844543457e-02
8.632511645555496216e-02
8.608660846948623657e-02
8.072206377983093262e-02
8.070376515388488770e-02
7.842419296503067017e-02
7.936078310012817383e-02
7.973656058311462402e-02
8.145076781511306763e-02
7.729819416999816895e-02
8.081355690956115723e-02
8.275472372770309448e-02
8.466652780771255493e-02
8.466139435768127441e-02
9.248608350753784180e-02
9.452251344919204712e-02
8.630298823118209839e-02
8.671271800994873047e-02
9.045232087373733521e-02
9.015887975692749023e-02
9.558081626892089844e-02
9.113387763500213623e-02
9.070724993944168091e-02
8.682484924793243408e-02
8.854357898235321045e-02
8.683004975318908691e-02
8.289627730846405029e-02
8.449000865221023560e-02
7.804698497056961060e-02
8.279305696487426758e-02
9.521954506635665894e-02
9.362010657787322998e-02
9.493045508861541748e-02
1.097416132688522339e-01
1.252469867467880249e-01
1.243408918380737305e-01
1.339351683855056763e-01
1.333594024181365967e-01
1.218391954898834229e-01
1.070289090275764465e-01
1.060210391879081726e-01
1.232899725437164307e-01
1.308404803276062012e-01
1.283622980117797852e-01
1.201437711715698242e-01
1.097518950700759888e-01
1.199648231267929077e-01
1.213543340563774109e-01
1.154498308897018433e-01
1.176252067089080811e-01
1.053715720772743225e-01
9.158839285373687744e-02
9.476734697818756104e-02
9.061160683631896973e-02
9.745875746011734009e-02
1.090067401528358459e-01
1.149847730994224548e-01
1.136087402701377869e-01
1.181168854236602783e-01
1.140789538621902466e-01
1.285887658596038818e-01
1.379999220371246338e-01
1.328702270984649658e-01
1.112314164638519287e-01
1.077949628233909607e-01
1.083841025829315186e-01
1.229684427380561829e-01
1.263721585273742676e-01
1.193223893642425537e-01
1.079276055097579956e-01
1.103744357824325562e-01
1.287045627832412720e-01
1.122186407446861267e-01
1.016168370842933655e-01
9.975334256887435913e-02
8.419951051473617554e-02
8.545769751071929932e-02
9.013402462005615234e-02
8.898972719907760620e-02
9.788317233324050903e-02
1.202899590134620667e-01
1.227039992809295654e-01
1.196909993886947632e-01
1.077378317713737488e-01
1.051850914955139160e-01
1.169572472572326660e-01
1.240025833249092102e-01
1.047870069742202759e-01
1.049476712942123413e-01
1.092096343636512756e-01
1.139760464429855347e-01
1.138897016644477844e-01
1.116446256637573242e-01
1.064283400774002075e-01
1.034208834171295166e-01
9.263242781162261963e-02
1.068713963031768799e-01
1.010179594159126282e-01
9.160116314888000488e-02
8.255670964717864990e-02
7.456526160240173340e-02
7.567276805639266968e-02
8.309636265039443970e-02
8.776038140058517456e-02
8.920861780643463135e-02
8.310359716415405273e-02
7.672031968832015991e-02
8.604685217142105103e-02
8.208821713924407959e-02
8.895690739154815674e-02
8.555843681097030640e-02
8.675225079059600830e-02
8.684904873371124268e-02
8.684983849525451660e-02
9.572383761405944824e-02
1.021939665079116821e-01
9.797285497188568115e-02
9.690400958061218262e-02
8.819964528083801270e-02
9.495139867067337036e-02
8.518230915069580078e-02
8.922839164733886719e-02
8.427304029464721680e-02
8.332657068967819214e-02
7.817542552947998047e-02
7.115770131349563599e-02
7.587473094463348389e-02
7.565178722143173218e-02
7.853306829929351807e-02
7.358164340257644653e-02
8.561988174915313721e-02
8.305394649505615234e-02
8.781647682189941406e-02
8.052477240562438965e-02
7.687978446483612061e-02
8.683965355157852173e-02
8.016373217105865479e-02
8.662637323141098022e-02
8.091434836387634277e-02
8.748529851436614990e-02
7.882762700319290161e-02
8.688770234584808350e-02
8.142303675413131714e-02
7.849434763193130493e-02
8.583112061023712158e-02
8.449916541576385498e-02
8.784125000238418579e-02
8.254156261682510376e-02
7.773268222808837891e-02
8.237570524215698242e-02
9.134592115879058838e-02
8.780286461114883423e-02
8.617880940437316895e-02
7.913100719451904297e-02
8.794303238391876221e-02
8.258444070816040039e-02
8.268718421459197998e-02
8.431102335453033447e-02
8.478057384490966797e-02
8.501718938350677490e-02
8.053612709045410156e-02
8.648615330457687378e-02
8.791606128215789795e-02
8.860068023204803467e-02
9.274358302354812622e-02
7.952260226011276245e-02
8.584840595722198486e-02
8.082558214664459229e-02
8.893977850675582886e-02
8.797913044691085815e-02
9.395489096641540527e-02
7.984766364097595215e-02
7.528743147850036621e-02
6.956620514392852783e-02
7.297858595848083496e-02
7.473404705524444580e-02
6.452553719282150269e-02
6.235368549823760986e-02
6.270470470190048218e-02
6.960062682628631592e-02
6.753224134445190430e-02
7.612589001655578613e-02
8.048626780509948730e-02
8.250985294580459595e-02
7.505529373884201050e-02
8.024855703115463257e-02
8.055507391691207886e-02
8.022737503051757812e-02
8.116250485181808472e-02
8.026380091905593872e-02
8.727357536554336548e-02
8.737212419509887695e-02
8.941842615604400635e-02
8.926976472139358521e-02
9.196075797080993652e-02
8.591051399707794189e-02
8.139330893754959106e-02
8.360904455184936523e-02
7.983846962451934814e-02
8.147390931844711304e-02
8.189843595027923584e-02
8.519382774829864502e-02
8.239252865314483643e-02
8.487211912870407104e-02
8.786716312170028687e-02
1.077674478292465210e-01
1.020732671022415161e-01
1.076947078108787537e-01
9.670532494783401489e-02
9.160377085208892822e-02
9.197647869586944580e-02
9.867500513792037964e-02
1.030062288045883179e-01
1.016114652156829834e-01
9.866967797279357910e-02
9.456398338079452515e-02
9.439646452665328979e-02
9.966045618057250977e-02
1.204105615615844727e-01
1.097525060176849365e-01
9.034992009401321411e-02
8.598070591688156128e-02
8.321231603622436523e-02
8.338864892721176147e-02
8.331453800201416016e-02
9.560153633356094360e-02
9.234349429607391357e-02
9.264267981052398682e-02
1.053176894783973694e-01
9.979452937841415405e-02
1.128594055771827698e-01
1.017551869153976440e-01
1.010342240333557129e-01
9.148056805133819580e-02
9.585863351821899414e-02
9.605225175619125366e-02
9.112115949392318726e-02
1.071495190262794495e-01
9.964648634195327759e-02
1.006421074271202087e-01
9.566314518451690674e-02
1.003084406256675720e-01
1.045350506901741028e-01
1.014004349708557129e-01
