9.909768104553222656e-01
9.860565662384033203e-01
9.920405149459838867e-01
9.945733547210693359e-01
1.030853152275085449e+00
1.021796345710754395e+00
9.843353033065795898e-01
9.946140050888061523e-01
1.013831853866577148e+00
9.762279987335205078e-01
9.582678079605102539e-01
9.725164175033569336e-01
9.668276309967041016e-01
9.698431491851806641e-01
9.735126495361328125e-01
1.000336170196533203e+00
9.899318218231201172e-01
9.692020416259765625e-01
9.716271162033081055e-01
9.889042377471923828e-01
1.002502202987670898e+00
9.604253768920898438e-01
9.679033756256103516e-01
9.730260372161865234e-01
9.623342752456665039e-01
9.789695739746093750e-01
9.875419139862060547e-01
9.851367473602294922e-01
1.014196634292602539e+00
1.001019954681396484e+00
1.007696986198425293e+00
1.006661891937255859e+00
1.022912859916687012e+00
9.778310060501098633e-01
9.700618982315063477e-01
9.942305088043212891e-01
9.811612367630004883e-01
9.582095146179199219e-01
9.713128805160522461e-01
9.639388322830200195e-01
9.768810272216796875e-01
9.967056512832641602e-01
9.672536849975585938e-01
9.837727546691894531e-01
9.603160619735717773e-01
9.969501495361328125e-01
9.624028205871582031e-01
1.013214111328125000e+00
9.562901258468627930e-01
9.741829633712768555e-01
9.909574985504150391e-01
1.000332593917846680e+00
9.891735315322875977e-01
1.021435976028442383e+00
1.007079720497131348e+00
9.847248792648315430e-01
9.733285903930664062e-01
1.003469944000244141e+00
9.601734876632690430e-01
9.658160209655761719e-01
1.015992403030395508e+00
9.284167289733886719e-01
9.979448318481445312e-01
9.537128210067749023e-01
9.603329896926879883e-01
9.633848667144775391e-01
9.915837049484252930e-01
9.776816368103027344e-01
9.846976995468139648e-01
9.851367473602294922e-01
9.602795839309692383e-01
9.583986997604370117e-01
1.000690937042236328e+00
9.901502132415771484e-01
9.960185289382934570e-01
9.796280860900878906e-01
1.006239175796508789e+00
1.014326930046081543e+00
1.021706700325012207e+00
9.953912496566772461e-01
1.014342069625854492e+00
9.734179973602294922e-01
9.742326736450195312e-01
9.620850086212158203e-01
1.002211093902587891e+00
9.511235952377319336e-01
9.478627443313598633e-01
1.004513263702392578e+00
9.461166858673095703e-01
9.534842967987060547e-01
9.692419767379760742e-01
9.964854717254638672e-01
9.932416677474975586e-01
9.910875558853149414e-01
9.742349386215209961e-01
9.552588462829589844e-01
9.925494194030761719e-01
9.932967424392700195e-01
9.842110872268676758e-01
1.007485270500183105e+00
9.681711196899414062e-01
1.024814844131469727e+00
1.033902883529663086e+00
9.672551155090332031e-01
9.894317388534545898e-01
9.757133722305297852e-01
9.867998361587524414e-01
9.628347158432006836e-01
9.943087100982666016e-01
9.822578430175781250e-01
1.008756279945373535e+00
9.166532754898071289e-01
9.578882455825805664e-01
9.735052585601806641e-01
1.013670802116394043e+00
1.018904924392700195e+00
9.836533069610595703e-01
9.717576503753662109e-01
9.693006277084350586e-01
9.843434095382690430e-01
9.702992439270019531e-01
9.680978059768676758e-01
1.016074895858764648e+00
9.662034511566162109e-01
9.972758293151855469e-01
9.992238283157348633e-01
9.957746267318725586e-01
1.008273959159851074e+00
9.868353605270385742e-01
9.945589303970336914e-01
1.008928775787353516e+00
9.584257602691650391e-01
9.686099290847778320e-01
9.650607109069824219e-01
9.693018198013305664e-01
9.738749265670776367e-01
9.736713171005249023e-01
9.582895040512084961e-01
9.944261312484741211e-01
9.595965147018432617e-01
9.669357538223266602e-01
9.499404430389404297e-01
9.609783887863159180e-01
9.780651330947875977e-01
9.418717622756958008e-01
1.007326245307922363e+00
9.885929822921752930e-01
9.707945585250854492e-01
9.995120763778686523e-01
1.017782092094421387e+00
1.009965896606445312e+00
1.026606678962707520e+00
1.031131267547607422e+00
1.021565437316894531e+00
9.953856468200683594e-01
9.853496551513671875e-01
9.549239873886108398e-01
9.564589262008666992e-01
9.675402641296386719e-01
9.627940654754638672e-01
9.681240320205688477e-01
9.586025476455688477e-01
9.618606567382812500e-01
9.747675657272338867e-01
9.918148517608642578e-01
9.685451984405517578e-01
9.733190536499023438e-01
9.807726144790649414e-01
9.781841039657592773e-01
9.505727291107177734e-01
9.980244636535644531e-01
9.946297407150268555e-01
9.881575107574462891e-01
1.008635640144348145e+00
1.006077051162719727e+00
1.010711550712585449e+00
1.015402436256408691e+00
1.008752822875976562e+00
9.996044635772705078e-01
1.007392406463623047e+00
1.009305953979492188e+00
9.482080936431884766e-01
9.579967260360717773e-01
9.641270637512207031e-01
9.765081405639648438e-01
9.581046104431152344e-01
9.647251367568969727e-01
9.648600816726684570e-01
1.003947734832763672e+00
9.930703639984130859e-01
9.679200649261474609e-01
9.747177362442016602e-01
9.694521427154541016e-01
9.597524404525756836e-01
9.948996305465698242e-01
9.916197061538696289e-01
9.958963394165039062e-01
9.864943027496337891e-01
1.000957608222961426e+00
1.006599545478820801e+00
9.981536865234375000e-01
1.020261883735656738e+00
1.001830816268920898e+00
9.856429100036621094e-01
9.932621717453002930e-01
9.688585996627807617e-01
1.004422545433044434e+00
9.574799537658691406e-01
9.633276462554931641e-01
9.712498188018798828e-01
9.436227083206176758e-01
9.605456590652465820e-01
9.720417261123657227e-01
1.006487250328063965e+00
9.646401405334472656e-01
9.808120727539062500e-01
9.927141666412353516e-01
9.754372835159301758e-01
9.733802080154418945e-01
1.007031321525573730e+00
9.887540340423583984e-01
9.955335855484008789e-01
1.019035100936889648e+00
1.012640118598937988e+00
1.011668920516967773e+00
9.891026020050048828e-01
9.917135238647460938e-01
9.798411130905151367e-01
9.952540397644042969e-01
9.727271795272827148e-01
9.762499332427978516e-01
9.744125604629516602e-01
9.603688716888427734e-01
9.469696283340454102e-01
9.843080043792724609e-01
9.764014482498168945e-01
9.551465511322021484e-01
9.835615158081054688e-01
9.617934226989746094e-01
9.686833620071411133e-01
9.859658479690551758e-01
9.715579748153686523e-01
9.910171031951904297e-01
9.717382192611694336e-01
9.963343143463134766e-01
1.001376271247863770e+00
1.020598292350769043e+00
1.013578295707702637e+00
1.027274131774902344e+00
1.008386850357055664e+00
9.919872283935546875e-01
1.027321696281433105e+00
9.646981954574584961e-01
9.459366798400878906e-01
9.869217872619628906e-01
9.586179256439208984e-01
9.661481380462646484e-01
9.640080928802490234e-01
9.367365837097167969e-01
