9.746148586273193359e-01
9.286787509918212891e-01
9.046977758407592773e-01
9.025233983993530273e-01
8.470491766929626465e-01
8.239860534667968750e-01
8.908283710479736328e-01
9.354267120361328125e-01
9.136915206909179688e-01
9.495298862457275391e-01
1.003523111343383789e+00
9.894418716430664062e-01
9.663479328155517578e-01
9.342635869979858398e-01
9.051795005798339844e-01
8.385885953903198242e-01
8.187453746795654297e-01
8.724999427795410156e-01
9.479242563247680664e-01
9.909312725067138672e-01
9.815126657485961914e-01
1.045583009719848633e+00
1.069181919097900391e+00
1.053748607635498047e+00
1.045457124710083008e+00
9.905714988708496094e-01
9.323318004608154297e-01
9.097753763198852539e-01
8.571615219116210938e-01
8.605425357818603516e-01
8.744699954986572266e-01
8.929883241653442383e-01
8.612625598907470703e-01
9.068611860275268555e-01
9.584364891052246094e-01
9.261310100555419922e-01
8.945106267929077148e-01
9.064118862152099609e-01
8.905756473541259766e-01
8.983731269836425781e-01
8.932158946990966797e-01
8.573319911956787109e-01
8.977696895599365234e-01
9.171229600906372070e-01
9.922763109207153320e-01
9.704188108444213867e-01
1.018189787864685059e+00
9.307729005813598633e-01
9.620125293731689453e-01
9.589024782180786133e-01
9.234317541122436523e-01
8.776290416717529297e-01
8.687309026718139648e-01
8.094668388366699219e-01
7.903987765312194824e-01
8.298616409301757812e-01
9.032961130142211914e-01
8.929675817489624023e-01
9.591017961502075195e-01
9.898102283477783203e-01
8.744772672653198242e-01
9.420435428619384766e-01
8.608196973800659180e-01
8.768821954727172852e-01
9.055553674697875977e-01
9.495712518692016602e-01
9.415535926818847656e-01
9.699984788894653320e-01
9.871201515197753906e-01
9.922634363174438477e-01
1.046345233917236328e+00
1.096685647964477539e+00
1.023910880088806152e+00
9.695211648941040039e-01
9.174289703369140625e-01
9.292396306991577148e-01
8.940393924713134766e-01
8.610889911651611328e-01
8.216801881790161133e-01
8.412213325500488281e-01
8.245683908462524414e-01
8.874932527542114258e-01
9.394029378890991211e-01
9.963181018829345703e-01
9.213980436325073242e-01
9.389017820358276367e-01
9.638502597808837891e-01
8.587163686752319336e-01
8.948838710784912109e-01
9.479017257690429688e-01
9.788597822189331055e-01
9.571177959442138672e-01
9.481927156448364258e-01
9.476042985916137695e-01
9.826617240905761719e-01
1.068169116973876953e+00
1.035772562026977539e+00
9.862278699874877930e-01
9.595831632614135742e-01
8.934606313705444336e-01
9.260642528533935547e-01
8.509087562561035156e-01
7.744755148887634277e-01
8.374098539352416992e-01
8.714157342910766602e-01
9.334055185317993164e-01
9.585642814636230469e-01
1.014191865921020508e+00
9.563709497451782227e-01
8.971183300018310547e-01
7.780994176864624023e-01
8.704571723937988281e-01
9.172340631484985352e-01
9.438394308090209961e-01
8.891839981079101562e-01
8.247753381729125977e-01
8.424175977706909180e-01
8.956346511840820312e-01
9.428741931915283203e-01
9.411203861236572266e-01
9.559627771377563477e-01
9.693357944488525391e-01
8.633376359939575195e-01
8.751564025878906250e-01
8.404342532157897949e-01
8.133233785629272461e-01
7.951429486274719238e-01
7.676732540130615234e-01
7.948681116104125977e-01
8.188941478729248047e-01
8.066178560256958008e-01
8.794374465942382812e-01
9.122738838195800781e-01
9.278064966201782227e-01
9.154816865921020508e-01
8.800929784774780273e-01
8.474262356758117676e-01
8.677313327789306641e-01
8.248462677001953125e-01
8.771696090698242188e-01
9.407434463500976562e-01
1.061167597770690918e+00
1.153633952140808105e+00
1.162305235862731934e+00
1.245867490768432617e+00
1.102180242538452148e+00
9.917514324188232422e-01
9.535436630249023438e-01
8.920457363128662109e-01
8.385906219482421875e-01
8.456405401229858398e-01
8.500350713729858398e-01
8.505055904388427734e-01
8.620916604995727539e-01
8.992115259170532227e-01
9.220899343490600586e-01
9.748023748397827148e-01
9.904152154922485352e-01
9.521337747573852539e-01
9.140048027038574219e-01
8.809094429016113281e-01
8.924605846405029297e-01
9.248355627059936523e-01
9.547452926635742188e-01
9.600051641464233398e-01
1.025689005851745605e+00
1.080765366554260254e+00
1.098847389221191406e+00
1.098610281944274902e+00
1.155787229537963867e+00
1.064875245094299316e+00
9.809827804565429688e-01
9.394971132278442383e-01
8.870741128921508789e-01
8.718013763427734375e-01
8.725180625915527344e-01
8.733268976211547852e-01
8.860341310501098633e-01
9.066239595413208008e-01
8.874225616455078125e-01
8.335040807723999023e-01
8.917946815490722656e-01
9.245201349258422852e-01
9.300717115402221680e-01
8.986151218414306641e-01
9.170984029769897461e-01
9.323647022247314453e-01
9.548152685165405273e-01
8.925442695617675781e-01
8.599632978439331055e-01
8.966530561447143555e-01
9.336922168731689453e-01
9.886159896850585938e-01
1.069028019905090332e+00
1.043997287750244141e+00
1.006939888000488281e+00
9.405032396316528320e-01
8.983796834945678711e-01
8.424898386001586914e-01
7.987148761749267578e-01
7.943847775459289551e-01
7.686046361923217773e-01
7.890186309814453125e-01
8.504592180252075195e-01
8.832398653030395508e-01
9.379390478134155273e-01
8.722157478332519531e-01
8.773423433303833008e-01
8.583555221557617188e-01
8.246198892593383789e-01
8.656324148178100586e-01
8.947727680206298828e-01
9.138418436050415039e-01
8.677477836608886719e-01
9.210121631622314453e-01
9.457551240921020508e-01
9.357966184616088867e-01
9.536900520324707031e-01
9.657181501388549805e-01
8.918751478195190430e-01
8.605424165725708008e-01
8.348507285118103027e-01
7.738223671913146973e-01
7.412779331207275391e-01
7.262437939643859863e-01
7.588135004043579102e-01
7.906999588012695312e-01
8.382261991500854492e-01
8.354038000106811523e-01
8.465735316276550293e-01
8.277692794799804688e-01
7.976210117340087891e-01
7.927302718162536621e-01
8.273427486419677734e-01
8.023061752319335938e-01
8.056772947311401367e-01
8.723244667053222656e-01
8.911457061767578125e-01
9.572238922119140625e-01
9.989540576934814453e-01
9.720611572265625000e-01
9.627586603164672852e-01
9.018745422363281250e-01
8.941937685012817383e-01
8.520344495773315430e-01
8.216828107833862305e-01
7.767660021781921387e-01
7.617220878601074219e-01
7.332029342651367188e-01
7.436302900314331055e-01
7.808614969253540039e-01
7.319232225418090820e-01
7.796192169189453125e-01
8.557755947113037109e-01
8.211669921875000000e-01
8.281879425048828125e-01
8.119426965713500977e-01
7.999496459960937500e-01
8.544580936431884766e-01
