6.874987483024597168e-01
6.510196328163146973e-01
7.450845241546630859e-01
7.291523218154907227e-01
8.192387819290161133e-01
9.044887423515319824e-01
8.040516376495361328e-01
8.063635230064392090e-01
7.848176360130310059e-01
9.155510067939758301e-01
1.020218610763549805e+00
9.268117547035217285e-01
8.785534501075744629e-01
8.493649363517761230e-01
8.169166445732116699e-01
7.364189624786376953e-01
6.885042190551757812e-01
6.792088747024536133e-01
7.532826662063598633e-01
8.095006942749023438e-01
7.827705144882202148e-01
8.102271556854248047e-01
7.703930139541625977e-01
7.628775835037231445e-01
6.994436383247375488e-01
6.829670667648315430e-01
6.488969922065734863e-01
6.410639286041259766e-01
6.175729036331176758e-01
6.224075555801391602e-01
6.386099457740783691e-01
6.446917057037353516e-01
5.973510742187500000e-01
6.971936225891113281e-01
6.765607595443725586e-01
6.498194932937622070e-01
7.159078121185302734e-01
6.688042283058166504e-01
6.527220010757446289e-01
6.646014451980590820e-01
6.592903733253479004e-01
5.966811180114746094e-01
7.205001115798950195e-01
7.499650716781616211e-01
7.072317600250244141e-01
7.062418460845947266e-01
6.675857901573181152e-01
5.973985195159912109e-01
5.673081874847412109e-01
5.872178077697753906e-01
5.656954646110534668e-01
5.811326503753662109e-01
6.290927529335021973e-01
6.342247724533081055e-01
5.748564004898071289e-01
6.238660216331481934e-01
6.773256063461303711e-01
7.016204595565795898e-01
7.671211957931518555e-01
8.284889459609985352e-01
5.571888685226440430e-01
7.511961460113525391e-01
7.517253160476684570e-01
7.470770478248596191e-01
7.370998263359069824e-01
7.946670055389404297e-01
7.733606100082397461e-01
7.213927507400512695e-01
7.431938648223876953e-01
7.152628302574157715e-01
7.507896423339843750e-01
6.644451618194580078e-01
5.935027003288269043e-01
5.560793280601501465e-01
5.453715920448303223e-01
5.862903594970703125e-01
5.422535538673400879e-01
6.044875383377075195e-01
5.157089233398437500e-01
6.131632328033447266e-01
6.062839031219482422e-01
6.778719425201416016e-01
7.648936510086059570e-01
7.672962546348571777e-01
6.322636604309082031e-01
7.291271686553955078e-01
8.441191315650939941e-01
7.795621752738952637e-01
7.636338472366333008e-01
8.495489954948425293e-01
8.842909932136535645e-01
7.608973979949951172e-01
7.442037463188171387e-01
7.081114649772644043e-01
6.616156697273254395e-01
6.753804087638854980e-01
6.413366794586181641e-01
5.523529052734375000e-01
5.612494945526123047e-01
5.352202653884887695e-01
5.564725399017333984e-01
5.491452813148498535e-01
5.066540241241455078e-01
5.769191980361938477e-01
6.755322813987731934e-01
7.310810089111328125e-01
8.065925836563110352e-01
7.486850023269653320e-01
6.049458980560302734e-01
7.219877243041992188e-01
6.354800462722778320e-01
7.393069267272949219e-01
7.886330485343933105e-01
8.205263018608093262e-01
8.410340547561645508e-01
7.628955841064453125e-01
1.048751115798950195e+00
1.001517057418823242e+00
9.179506897926330566e-01
9.939034581184387207e-01
9.003673195838928223e-01
8.299131393432617188e-01
7.045503854751586914e-01
6.810824871063232422e-01
6.244807243347167969e-01
6.131428480148315430e-01
6.166183948516845703e-01
6.561840772628784180e-01
6.751409173011779785e-01
7.574196457862854004e-01
7.615305185317993164e-01
7.370737791061401367e-01
8.140454292297363281e-01
7.889020442962646484e-01
8.345232605934143066e-01
8.428566455841064453e-01
8.123514652252197266e-01
8.628237843513488770e-01
7.503268718719482422e-01
7.640052437782287598e-01
7.307660579681396484e-01
7.323753237724304199e-01
6.530761718750000000e-01
7.128682136535644531e-01
7.237579822540283203e-01
6.551083326339721680e-01
6.426501274108886719e-01
6.324112415313720703e-01
5.832600593566894531e-01
6.123189330101013184e-01
5.988669395446777344e-01
6.151357889175415039e-01
6.263467073440551758e-01
6.481978297233581543e-01
6.735205650329589844e-01
7.007217407226562500e-01
7.083010673522949219e-01
7.918246984481811523e-01
7.535961866378784180e-01
8.666130900382995605e-01
7.833577394485473633e-01
7.850221395492553711e-01
7.572816014289855957e-01
8.007621765136718750e-01
7.106790542602539062e-01
7.290422320365905762e-01
7.240255475044250488e-01
7.089434266090393066e-01
6.920101642608642578e-01
6.738138794898986816e-01
6.633139848709106445e-01
6.006138324737548828e-01
5.659862756729125977e-01
6.027047634124755859e-01
6.769888401031494141e-01
6.498278975486755371e-01
6.446486115455627441e-01
6.586506962776184082e-01
7.493474483489990234e-01
6.809971928596496582e-01
6.822670698165893555e-01
6.713522076606750488e-01
6.788016557693481445e-01
6.807833313941955566e-01
6.527426838874816895e-01
7.189238667488098145e-01
6.986846923828125000e-01
7.137440443038940430e-01
6.931289434432983398e-01
7.090984582901000977e-01
6.693698167800903320e-01
6.641611456871032715e-01
6.478317379951477051e-01
6.582859754562377930e-01
6.252255439758300781e-01
6.202592253684997559e-01
5.555793046951293945e-01
5.816434621810913086e-01
5.105187296867370605e-01
5.007578134536743164e-01
5.254310369491577148e-01
5.471127033233642578e-01
6.167348027229309082e-01
6.289118528366088867e-01
6.891233325004577637e-01
6.757990121841430664e-01
6.759293079376220703e-01
6.938856840133666992e-01
6.504375934600830078e-01
6.268236637115478516e-01
7.077265381813049316e-01
6.869466304779052734e-01
6.224223375320434570e-01
5.555598735809326172e-01
5.671377182006835938e-01
5.746898055076599121e-01
5.231641530990600586e-01
5.236523747444152832e-01
4.965653419494628906e-01
4.784696400165557861e-01
4.338381588459014893e-01
4.610688686370849609e-01
4.725980758666992188e-01
4.921395480632781982e-01
4.697085320949554443e-01
4.904618859291076660e-01
5.399662852287292480e-01
6.008961200714111328e-01
6.140184402465820312e-01
6.352661848068237305e-01
5.564736127853393555e-01
6.677284240722656250e-01
6.641051769256591797e-01
6.835896372795104980e-01
7.293815612792968750e-01
7.115615010261535645e-01
6.661092042922973633e-01
7.592779994010925293e-01
9.326245188713073730e-01
7.243335247039794922e-01
7.141178250312805176e-01
7.020943760871887207e-01
5.884387493133544922e-01
5.244737267494201660e-01
5.086102485656738281e-01
4.783262908458709717e-01
4.815691113471984863e-01
4.835624098777770996e-01
4.780015349388122559e-01
5.312576889991760254e-01
5.263437032699584961e-01
5.771014094352722168e-01
6.111226081848144531e-01
6.547601222991943359e-01
5.723922848701477051e-01
6.432724595069885254e-01
7.020070552825927734e-01
6.849138736724853516e-01
7.089239358901977539e-01
