1.038917422294616699e+00
1.045416474342346191e+00
9.715507030487060547e-01
1.005344986915588379e+00
9.712212085723876953e-01
9.653193950653076172e-01
1.037044167518615723e+00
1.020865321159362793e+00
1.016343832015991211e+00
9.479237794876098633e-01
9.486690759658813477e-01
1.022455692291259766e+00
1.037586212158203125e+00
1.025799870491027832e+00
1.018361330032348633e+00
1.040131449699401855e+00
1.037740111351013184e+00
1.019331812858581543e+00
9.737054109573364258e-01
9.767814874649047852e-01
1.019283890724182129e+00
1.007171273231506348e+00
1.026217222213745117e+00
1.014230966567993164e+00
1.036629438400268555e+00
1.022413015365600586e+00
1.027363300323486328e+00
1.017579793930053711e+00
1.026002049446105957e+00
1.013915538787841797e+00
1.002756834030151367e+00
1.005803346633911133e+00
1.038945555686950684e+00
9.591784477233886719e-01
1.000025272369384766e+00
1.024411320686340332e+00
9.785658121109008789e-01
1.019780635833740234e+00
1.021636247634887695e+00
1.003131628036499023e+00
1.006389737129211426e+00
1.043132901191711426e+00
9.453200101852416992e-01
9.697684049606323242e-01
1.021327018737792969e+00
1.018930077552795410e+00
1.030066132545471191e+00
1.050019145011901855e+00
1.032991766929626465e+00
9.940676689147949219e-01
1.014623284339904785e+00
1.006378650665283203e+00
9.840503931045532227e-01
1.002621412277221680e+00
1.048322677612304688e+00
9.882183074951171875e-01
9.647467136383056641e-01
9.813371896743774414e-01
9.730596542358398438e-01
9.738937616348266602e-01
1.126592755317687988e+00
9.001203775405883789e-01
9.420444965362548828e-01
9.846488237380981445e-01
1.011221647262573242e+00
9.842523336410522461e-01
1.007667183876037598e+00
1.031544923782348633e+00
1.000146269798278809e+00
1.011940717697143555e+00
9.888392686843872070e-01
1.043447971343994141e+00
1.062976479530334473e+00
1.045408248901367188e+00
1.018747448921203613e+00
9.777687788009643555e-01
1.029882311820983887e+00
9.826905727386474609e-01
1.061709284782409668e+00
9.556993246078491211e-01
9.891736507415771484e-01
9.632188081741333008e-01
9.531412124633789062e-01
9.925118684768676758e-01
1.074308633804321289e+00
9.656847715377807617e-01
9.280251264572143555e-01
1.001339077949523926e+00
1.018339037895202637e+00
9.722311496734619141e-01
9.788050651550292969e-01
1.047739148139953613e+00
1.027895808219909668e+00
1.022847533226013184e+00
1.029808878898620605e+00
1.003226876258850098e+00
1.025035738945007324e+00
1.073080301284790039e+00
1.022366881370544434e+00
1.024719238281250000e+00
9.974868297576904297e-01
1.013166308403015137e+00
1.046727657318115234e+00
9.702583551406860352e-01
9.364980459213256836e-01
9.609031677246093750e-01
9.666323661804199219e-01
1.024964213371276855e+00
1.090869069099426270e+00
9.440469741821289062e-01
1.008441448211669922e+00
9.488704204559326172e-01
9.664120674133300781e-01
9.877691268920898438e-01
9.994066953659057617e-01
1.040703177452087402e+00
8.938078880310058594e-01
9.690067768096923828e-01
1.025768041610717773e+00
9.857661724090576172e-01
1.026778459548950195e+00
1.037591218948364258e+00
1.067803144454956055e+00
1.027398228645324707e+00
1.036514520645141602e+00
1.022097468376159668e+00
1.014813780784606934e+00
9.947092533111572266e-01
1.001333594322204590e+00
9.707282781600952148e-01
9.974147081375122070e-01
1.022056460380554199e+00
9.759782552719116211e-01
1.004095077514648438e+00
9.868547916412353516e-01
9.970142841339111328e-01
1.017660856246948242e+00
9.889080524444580078e-01
1.046246647834777832e+00
1.011045813560485840e+00
1.018906235694885254e+00
1.008134841918945312e+00
1.048644900321960449e+00
9.881174564361572266e-01
9.953945875167846680e-01
1.043357729911804199e+00
1.030297875404357910e+00
1.018762588500976562e+00
1.038277864456176758e+00
9.970928430557250977e-01
1.011781573295593262e+00
1.003154516220092773e+00
1.004493236541748047e+00
9.978479146957397461e-01
9.935539960861206055e-01
9.911328554153442383e-01
1.000636458396911621e+00
9.661586284637451172e-01
1.010910868644714355e+00
9.606482982635498047e-01
1.023451447486877441e+00
1.012510061264038086e+00
1.017648816108703613e+00
9.856133460998535156e-01
1.038089036941528320e+00
1.008436799049377441e+00
1.008470535278320312e+00
1.016021490097045898e+00
1.021236896514892578e+00
1.023173093795776367e+00
1.018650174140930176e+00
1.047242641448974609e+00
1.042396306991577148e+00
9.895983934402465820e-01
9.583151340484619141e-01
1.010616898536682129e+00
1.022245764732360840e+00
1.007896900177001953e+00
9.583625793457031250e-01
1.021501064300537109e+00
1.014400482177734375e+00
1.013578414916992188e+00
1.002219915390014648e+00
1.003101229667663574e+00
1.022124767303466797e+00
9.778664112091064453e-01
1.007590770721435547e+00
1.003228425979614258e+00
1.018456101417541504e+00
1.003339886665344238e+00
1.025407671928405762e+00
1.015210628509521484e+00
1.017171025276184082e+00
1.004788517951965332e+00
1.026128530502319336e+00
1.018829584121704102e+00
1.052421927452087402e+00
1.001962423324584961e+00
1.050239443778991699e+00
1.028393507003784180e+00
9.933093786239624023e-01
9.889541864395141602e-01
9.635649919509887695e-01
9.934443235397338867e-01
9.777885675430297852e-01
1.007854700088500977e+00
1.008667588233947754e+00
9.948529005050659180e-01
1.022156119346618652e+00
1.023123621940612793e+00
9.633393287658691406e-01
1.000436425209045410e+00
1.045528769493103027e+00
1.064587116241455078e+00
1.008631467819213867e+00
9.935296773910522461e-01
1.036547064781188965e+00
1.021892070770263672e+00
1.035052061080932617e+00
1.033230185508728027e+00
1.054630756378173828e+00
9.938085079193115234e-01
9.907932281494140625e-01
9.910837411880493164e-01
1.027523159980773926e+00
1.003641128540039062e+00
9.693809747695922852e-01
9.556423425674438477e-01
9.859042167663574219e-01
9.940264225006103516e-01
1.052805185317993164e+00
9.439455270767211914e-01
9.773312807083129883e-01
9.879937171936035156e-01
9.808254241943359375e-01
1.008302807807922363e+00
1.032425165176391602e+00
9.624646902084350586e-01
9.161399602890014648e-01
1.051501631736755371e+00
1.032007098197937012e+00
1.011887073516845703e+00
1.061044692993164062e+00
1.059849619865417480e+00
1.025123000144958496e+00
1.030572533607482910e+00
1.016695380210876465e+00
1.016928553581237793e+00
1.024440646171569824e+00
9.769601821899414062e-01
1.003733396530151367e+00
9.750686883926391602e-01
9.783989191055297852e-01
9.777591228485107422e-01
1.047874569892883301e+00
9.731844663619995117e-01
9.571185111999511719e-01
9.972877502441406250e-01
9.954547882080078125e-01
