9.649176001548767090e-01
9.823483824729919434e-01
9.396334886550903320e-01
9.669061899185180664e-01
9.744719862937927246e-01
9.826409816741943359e-01
9.878382682800292969e-01
9.969398975372314453e-01
1.006937503814697266e+00
9.840263724327087402e-01
9.876698851585388184e-01
1.032624363899230957e+00
1.005976676940917969e+00
1.016110301017761230e+00
1.011174678802490234e+00
1.038969278335571289e+00
1.048550367355346680e+00
1.025523304939270020e+00
9.879554510116577148e-01
9.746586680412292480e-01
1.006397962570190430e+00
9.826297760009765625e-01
9.914557933807373047e-01
9.725009202957153320e-01
9.847129583358764648e-01
9.879387617111206055e-01
9.911096692085266113e-01
9.072085618972778320e-01
9.592404365539550781e-01
9.663074612617492676e-01
9.783984422683715820e-01
9.977578520774841309e-01
1.044788002967834473e+00
1.020131707191467285e+00
9.982076883316040039e-01
1.019932508468627930e+00
9.895054697990417480e-01
9.946739077568054199e-01
1.019019126892089844e+00
1.039165973663330078e+00
7.146741151809692383e-01
1.136893510818481445e+00
9.833977222442626953e-01
1.015491724014282227e+00
6.742538213729858398e-01
1.095448851585388184e+00
9.843803644180297852e-01
1.046620726585388184e+00
1.023305773735046387e+00
8.747454881668090820e-01
9.211869835853576660e-01
9.341651797294616699e-01
9.567039608955383301e-01
9.719487428665161133e-01
9.821329712867736816e-01
9.838757514953613281e-01
9.824620485305786133e-01
1.024289369583129883e+00
1.001237869262695312e+00
1.004090905189514160e+00
9.990028142929077148e-01
1.002883672714233398e+00
9.983217120170593262e-01
1.045702219009399414e+00
1.039657115936279297e+00
1.022980690002441406e+00
1.037506937980651855e+00
9.976064562797546387e-01
9.747894406318664551e-01
1.023591518402099609e+00
9.800199270248413086e-01
9.923626184463500977e-01
9.919403791427612305e-01
9.935969114303588867e-01
9.085878133773803711e-01
9.540351033210754395e-01
9.639909267425537109e-01
9.513323307037353516e-01
9.917923212051391602e-01
9.835507869720458984e-01
1.032440900802612305e+00
9.695523977279663086e-01
1.001077413558959961e+00
9.999322891235351562e-01
1.031676530838012695e+00
9.958034753799438477e-01
9.885025024414062500e-01
1.078041553497314453e+00
1.026771187782287598e+00
1.011657714843750000e+00
6.870614290237426758e-01
1.099340319633483887e+00
1.002083301544189453e+00
1.043798923492431641e+00
1.024654269218444824e+00
1.016633749008178711e+00
1.008476018905639648e+00
1.002465724945068359e+00
8.728421926498413086e-01
9.355634450912475586e-01
9.034868478775024414e-01
9.452980160713195801e-01
1.028316378593444824e+00
9.845039844512939453e-01
1.015970230102539062e+00
9.886777400970458984e-01
1.005903363227844238e+00
9.982548952102661133e-01
9.972034692764282227e-01
9.959660172462463379e-01
1.128139734268188477e+00
9.704844951629638672e-01
1.001291275024414062e+00
1.021721124649047852e+00
1.062355279922485352e+00
1.029883384704589844e+00
1.020533204078674316e+00
6.398249864578247070e-01
8.154014348983764648e-01
1.093318819999694824e+00
1.022320270538330078e+00
1.017804026603698730e+00
1.030453085899353027e+00
9.440753459930419922e-01
9.737923145294189453e-01
9.511092305183410645e-01
9.519987106323242188e-01
9.756128787994384766e-01
9.749413728713989258e-01
9.844217300415039062e-01
1.018700599670410156e+00
9.996592998504638672e-01
1.015018939971923828e+00
1.005609750747680664e+00
1.001103758811950684e+00
1.009673714637756348e+00
1.013116359710693359e+00
9.938064813613891602e-01
1.053275585174560547e+00
1.001198053359985352e+00
9.898698925971984863e-01
9.872726202011108398e-01
1.005447387695312500e+00
9.714893102645874023e-01
9.859068393707275391e-01
9.877807497978210449e-01
9.619406461715698242e-01
9.793319702148437500e-01
9.460276365280151367e-01
9.707620739936828613e-01
9.780843257904052734e-01
9.853952527046203613e-01
9.965307712554931641e-01
9.824730753898620605e-01
9.966821670532226562e-01
9.944640994071960449e-01
1.007954597473144531e+00
1.001104831695556641e+00
1.012141227722167969e+00
1.003695726394653320e+00
1.024611353874206543e+00
1.047654032707214355e+00
1.006925821304321289e+00
1.043634414672851562e+00
1.017870545387268066e+00
1.011082291603088379e+00
1.004462122917175293e+00
1.000396728515625000e+00
9.773305654525756836e-01
9.871643781661987305e-01
9.889828562736511230e-01
9.917519688606262207e-01
9.294890165328979492e-01
9.641675353050231934e-01
9.719998836517333984e-01
9.425372481346130371e-01
9.885549545288085938e-01
9.929817318916320801e-01
9.950222969055175781e-01
1.031867027282714844e+00
1.084160804748535156e+00
1.010837554931640625e+00
1.003257513046264648e+00
9.820696115493774414e-01
1.019106984138488770e+00
1.013370037078857422e+00
1.016849517822265625e+00
1.017977714538574219e+00
1.053268432617187500e+00
1.033297777175903320e+00
1.003059267997741699e+00
6.745162606239318848e-01
8.318972587585449219e-01
1.102917671203613281e+00
1.023743987083435059e+00
1.033270597457885742e+00
9.698157310485839844e-01
9.709522128105163574e-01
9.663999080657958984e-01
9.766075611114501953e-01
9.823958873748779297e-01
9.987087845802307129e-01
1.007050871849060059e+00
6.773882508277893066e-01
8.467977046966552734e-01
8.741655349731445312e-01
1.191832661628723145e+00
1.063336849212646484e+00
1.060444474220275879e+00
1.070850849151611328e+00
1.034284591674804688e+00
1.047156333923339844e+00
1.020186901092529297e+00
1.057235240936279297e+00
9.944576025009155273e-01
9.924191236495971680e-01
1.013663530349731445e+00
9.934047460556030273e-01
9.989635348320007324e-01
9.976295232772827148e-01
8.955922126770019531e-01
9.297536611557006836e-01
9.614447355270385742e-01
9.554584026336669922e-01
9.754850268363952637e-01
9.777902364730834961e-01
9.980112314224243164e-01
9.840538501739501953e-01
1.013637781143188477e+00
1.024061918258666992e+00
1.016531705856323242e+00
1.013845920562744141e+00
1.020868301391601562e+00
1.013338804244995117e+00
1.029695987701416016e+00
1.052463650703430176e+00
1.003933191299438477e+00
1.006175994873046875e+00
9.815199375152587891e-01
9.889131784439086914e-01
9.804202318191528320e-01
1.006200075149536133e+00
9.899816513061523438e-01
9.952145814895629883e-01
9.162015914916992188e-01
9.576492309570312500e-01
9.666303992271423340e-01
9.610426425933837891e-01
9.891763329505920410e-01
9.897496700286865234e-01
1.004425048828125000e+00
1.050355672836303711e+00
9.919636845588684082e-01
9.958783388137817383e-01
1.009124040603637695e+00
1.000420808792114258e+00
1.004029393196105957e+00
1.028610110282897949e+00
1.011706829071044922e+00
