1.116591319441795349e-02
1.118085905909538269e-02
1.182452403008937836e-02
1.191255263984203339e-02
1.198408380150794983e-02
1.202234439551830292e-02
1.204206235706806183e-02
1.196669414639472961e-02
1.179741695523262024e-02
1.201641373336315155e-02
1.211281307041645050e-02
1.149968430399894714e-02
1.151099428534507751e-02
1.131955720484256744e-02
1.121057011187076569e-02
1.073545031249523163e-02
1.028571091592311859e-02
1.018766127526760101e-02
1.044326834380626678e-02
1.068680174648761749e-02
1.043897680938243866e-02
1.061315275728702545e-02
1.062570139765739441e-02
1.088899560272693634e-02
1.092692837119102478e-02
1.095695979893207550e-02
1.097247004508972168e-02
1.216237060725688934e-02
1.221152301877737045e-02
1.232032291591167450e-02
1.237284205853939056e-02
1.221796963363885880e-02
1.150177419185638428e-02
1.140219531953334808e-02
1.153722219169139862e-02
1.123085059225559235e-02
1.140622608363628387e-02
1.140184886753559113e-02
1.106378994882106781e-02
1.060690917074680328e-02
1.537687517702579498e-02
1.058750599622726440e-02
1.076596044003963470e-02
1.046276465058326721e-02
1.567191630601882935e-02
1.105736009776592255e-02
1.100010424852371216e-02
1.028439216315746307e-02
1.009895652532577515e-02
1.171691156923770905e-02
1.213469915091991425e-02
1.240942999720573425e-02
1.252945046871900558e-02
1.259914413094520569e-02
1.263514440506696701e-02
1.275379676371812820e-02
1.287259720265865326e-02
1.232051104307174683e-02
1.235425751656293869e-02
1.231417711824178696e-02
1.229222118854522705e-02
1.219041552394628525e-02
1.217295043170452118e-02
1.145572215318679810e-02
1.110070012509822845e-02
1.099631004035472870e-02
1.063135638833045959e-02
1.080088876187801361e-02
1.111341267824172974e-02
1.064598001539707184e-02
1.093101687729358673e-02
1.093892194330692291e-02
1.095644943416118622e-02
1.096679456532001495e-02
1.215534284710884094e-02
1.229921914637088776e-02
1.242048479616641998e-02
1.288874633610248566e-02
1.266092900186777115e-02
1.277854293584823608e-02
1.214233972132205963e-02
1.271189469844102859e-02
1.252546720206737518e-02
1.243577897548675537e-02
1.190376095473766327e-02
1.207630522549152374e-02
1.222199108451604843e-02
1.099135167896747589e-02
1.091878488659858704e-02
1.093437708914279938e-02
1.642591133713722229e-02
1.153726689517498016e-02
1.131029427051544189e-02
1.069045066833496094e-02
1.049680262804031372e-02
1.037501730024814606e-02
1.031098887324333191e-02
1.027985103428363800e-02
1.188564673066139221e-02
1.207488961517810822e-02
1.296042371541261673e-02
1.313611399382352829e-02
1.218523643910884857e-02
1.247113011777400970e-02
1.216587424278259277e-02
1.239275466650724411e-02
1.220555603504180908e-02
1.218874752521514893e-02
1.217164471745491028e-02
1.216230913996696472e-02
1.032655313611030579e-02
1.109655573964118958e-02
1.102834381163120270e-02
1.065860502421855927e-02
9.957196190953254700e-03
9.847432374954223633e-03
9.767057374119758606e-03
1.556056551635265350e-02
1.623341813683509827e-02
1.176253519952297211e-02
1.147234998643398285e-02
1.131191663444042206e-02
1.095038466155529022e-02
1.175913773477077484e-02
1.179872266948223114e-02
1.220791693776845932e-02
1.257420610636472702e-02
1.256556063890457153e-02
1.271369680762290955e-02
1.274712756276130676e-02
1.229636091738939285e-02
1.233855821192264557e-02
1.213165931403636932e-02
1.209621690213680267e-02
1.206712611019611359e-02
1.188483461737632751e-02
1.169900223612785339e-02
1.181817613542079926e-02
1.103052310645580292e-02
1.120199076831340790e-02
1.136955432593822479e-02
1.145691610872745514e-02
1.126484386622905731e-02
1.162914372980594635e-02
1.166262663900852203e-02
1.169523037970066071e-02
1.213545911014080048e-02
1.219499483704566956e-02
1.283241342753171921e-02
1.292653940618038177e-02
1.299764961004257202e-02
1.303335372358560562e-02
1.294445991516113281e-02
1.315191574394702911e-02
1.305816881358623505e-02
1.305918768048286438e-02
1.284566894173622131e-02
1.281675975769758224e-02
1.259621884673833847e-02
1.255957223474979401e-02
1.217108219861984253e-02
1.156681962311267853e-02
1.168169453740119934e-02
1.113573648035526276e-02
1.106047071516513824e-02
1.100395806133747101e-02
1.097701676189899445e-02
1.096559688448905945e-02
1.123571954667568207e-02
1.126930117607116699e-02
1.129973866045475006e-02
1.131735555827617645e-02
1.223674975335597992e-02
1.234996225684881210e-02
1.244429964572191238e-02
1.311888825148344040e-02
1.289080549031496048e-02
1.282296981662511826e-02
1.281347870826721191e-02
1.224362850189208984e-02
1.115870662033557892e-02
1.136618666350841522e-02
1.141877658665180206e-02
1.163128577172756195e-02
1.121644861996173859e-02
1.105670072138309479e-02
1.088582538068294525e-02
1.072372496128082275e-02
1.014997996389865875e-02
9.968778118491172791e-03
1.008599810302257538e-02
1.518198102712631226e-02
1.578763872385025024e-02
1.156999357044696808e-02
1.134170778095722198e-02
1.101281307637691498e-02
1.149985566735267639e-02
1.170920953154563904e-02
1.191523484885692596e-02
1.196677610278129578e-02
1.200332678854465485e-02
1.185791939496994019e-02
1.169204339385032654e-02
1.790926605463027954e-02
1.831959187984466553e-02
1.890098676085472107e-02
1.289848051965236664e-02
1.251338422298431396e-02
1.196635700762271881e-02
1.119829155504703522e-02
1.097747497260570526e-02
1.049710996448993683e-02
1.039410196244716644e-02
9.799303486943244934e-03
1.004171743988990784e-02
1.012595184147357941e-02
9.900432080030441284e-03
9.989472106099128723e-03
9.996049106121063232e-03
1.000686921179294586e-02
1.124551706016063690e-02
1.163444109261035919e-02
1.162703149020671844e-02
1.194579154253005981e-02
1.200567744672298431e-02
1.213038899004459381e-02
1.198565959930419922e-02
1.215011812746524811e-02
1.182322576642036438e-02
1.149010471999645233e-02
1.135180331766605377e-02
1.122561655938625336e-02
1.098621636629104614e-02
1.087543927133083344e-02
1.054225862026214600e-02
1.002995483577251434e-02
1.018030941486358643e-02
1.014455035328865051e-02
1.035068742930889130e-02
1.037476025521755219e-02
1.051226444542407990e-02
1.031776331365108490e-02
1.042111217975616455e-02
1.042302511632442474e-02
1.142325066030025482e-02
1.154368929564952850e-02
1.164532825350761414e-02
1.194528676569461823e-02
1.183483935892581940e-02
1.185148023068904877e-02
1.169255189597606659e-02
1.098634488880634308e-02
1.127589680254459381e-02
1.131144911050796509e-02
1.110805943608283997e-02
1.108828186988830566e-02
1.100511103868484497e-02
1.062426902353763580e-02
1.057096756994724274e-02
