1.355641037225723267e-01
1.276311427354812622e-01
1.221303045749664307e-01
1.102315187454223633e-01
1.165908128023147583e-01
1.131208986043930054e-01
1.226955875754356384e-01
1.256089210510253906e-01
1.335058659315109253e-01
1.484702080488204956e-01
1.613940596580505371e-01
1.499404758214950562e-01
1.554299145936965942e-01
1.523532569408416748e-01
1.677926629781723022e-01
1.577004939317703247e-01
1.654484570026397705e-01
1.727288067340850830e-01
1.936928182840347290e-01
1.940645873546600342e-01
1.943606734275817871e-01
1.862825453281402588e-01
1.877025365829467773e-01
1.707251518964767456e-01
1.594678163528442383e-01
1.345655322074890137e-01
1.292266398668289185e-01
1.203106045722961426e-01
1.125369966030120850e-01
1.131274476647377014e-01
1.147244349122047424e-01
1.230156570672988892e-01
1.204302906990051270e-01
1.378081887960433960e-01
1.319845020771026611e-01
1.450075209140777588e-01
1.484000980854034424e-01
1.646736115217208862e-01
1.754283457994461060e-01
1.869739592075347900e-01
2.197333276271820068e-01
1.966423690319061279e-01
1.939003467559814453e-01
1.781208962202072144e-01
1.694923341274261475e-01
1.608546674251556396e-01
1.581597775220870972e-01
1.265545189380645752e-01
1.363567262887954712e-01
1.357132643461227417e-01
1.412169486284255981e-01
1.410388797521591187e-01
1.601646691560745239e-01
1.384620666503906250e-01
1.310462802648544312e-01
1.247921064496040344e-01
1.411847770214080811e-01
1.452721804380416870e-01
1.522957682609558105e-01
1.490464359521865845e-01
1.234156340360641479e-01
1.599903553724288940e-01
1.476246416568756104e-01
1.777551770210266113e-01
1.890817284584045410e-01
2.027231603860855103e-01
1.873971223831176758e-01
1.958767771720886230e-01
1.928952634334564209e-01
1.729778945446014404e-01
1.785993129014968872e-01
1.700277775526046753e-01
1.644871532917022705e-01
1.530947089195251465e-01
1.521929949522018433e-01
1.637078821659088135e-01
1.584095954895019531e-01
1.464181989431381226e-01
1.268539726734161377e-01
1.293630897998809814e-01
1.233671754598617554e-01
1.390523314476013184e-01
1.442477107048034668e-01
1.600710302591323853e-01
1.309210360050201416e-01
1.532694250345230103e-01
1.754595041275024414e-01
1.793664097785949707e-01
1.820257753133773804e-01
2.130987793207168579e-01
2.068925052881240845e-01
2.074218392372131348e-01
2.024520635604858398e-01
1.970239281654357910e-01
1.907601654529571533e-01
1.940044760704040527e-01
1.838138252496719360e-01
1.635480821132659912e-01
1.625710129737854004e-01
1.782486140727996826e-01
1.644460111856460571e-01
1.528022438287734985e-01
1.321116089820861816e-01
1.296571344137191772e-01
1.406409591436386108e-01
1.415380984544754028e-01
1.447590887546539307e-01
1.418620496988296509e-01
1.252827048301696777e-01
1.486244201660156250e-01
1.476363986730575562e-01
2.008965313434600830e-01
2.137582898139953613e-01
2.679407596588134766e-01
2.512966990470886230e-01
2.597507834434509277e-01
2.746040821075439453e-01
2.891272604465484619e-01
2.927376031875610352e-01
2.797888219356536865e-01
2.809795737266540527e-01
2.727594971656799316e-01
2.049433887004852295e-01
2.101996541023254395e-01
2.037579864263534546e-01
1.975843310356140137e-01
1.814243495464324951e-01
1.591669917106628418e-01
1.403105258941650391e-01
1.352471113204956055e-01
1.296567916870117188e-01
1.400515884160995483e-01
1.525790989398956299e-01
1.662237942218780518e-01
1.664796769618988037e-01
1.706094294786453247e-01
1.813504844903945923e-01
1.848810613155364990e-01
1.787074208259582520e-01
1.863532513380050659e-01
1.929685175418853760e-01
1.612456589937210083e-01
1.574679017066955566e-01
1.463915258646011353e-01
1.366727650165557861e-01
1.171127706766128540e-01
1.147778630256652832e-01
1.062727868556976318e-01
1.068079024553298950e-01
1.055512875318527222e-01
1.122588366270065308e-01
9.635995328426361084e-02
1.030344963073730469e-01
1.210132166743278503e-01
1.248743832111358643e-01
1.247480213642120361e-01
1.381407976150512695e-01
1.336613148450851440e-01
1.463566422462463379e-01
1.402504295110702515e-01
1.562093943357467651e-01
1.642831563949584961e-01
1.686303466558456421e-01
1.878004074096679688e-01
1.762620955705642700e-01
1.764761358499526978e-01
1.824441850185394287e-01
2.031072080135345459e-01
1.523248404264450073e-01
1.417223662137985229e-01
1.208383291959762573e-01
1.081762909889221191e-01
9.149329364299774170e-02
8.880718052387237549e-02
9.799841046333312988e-02
9.958288818597793579e-02
1.194881647825241089e-01
1.257682740688323975e-01
1.401769071817398071e-01
1.367102712392807007e-01
1.384519040584564209e-01
1.417970359325408936e-01
1.497641503810882568e-01
1.545431911945343018e-01
1.561308801174163818e-01
1.700081825256347656e-01
1.802730858325958252e-01
1.735248267650604248e-01
1.689399331808090210e-01
1.668915748596191406e-01
1.701144427061080933e-01
1.655131429433822632e-01
1.525002717971801758e-01
1.372793167829513550e-01
1.158883720636367798e-01
1.084749773144721985e-01
9.579931199550628662e-02
1.049838513135910034e-01
9.889058768749237061e-02
9.314507246017456055e-02
9.484266489744186401e-02
1.077098399400711060e-01
1.115009784698486328e-01
1.238614842295646667e-01
1.336096823215484619e-01
1.352094411849975586e-01
1.414188295602798462e-01
1.515460610389709473e-01
1.587540358304977417e-01
1.551446765661239624e-01
1.509502828121185303e-01
1.708402037620544434e-01
1.689555495977401733e-01
1.600867509841918945e-01
1.477712839841842651e-01
1.400050222873687744e-01
1.253720372915267944e-01
1.213959380984306335e-01
1.093368083238601685e-01
1.008454337716102600e-01
9.032796323299407959e-02
1.041363924741744995e-01
9.678851068019866943e-02
1.006871685385704041e-01
1.037943810224533081e-01
1.117472201585769653e-01
1.209469512104988098e-01
1.493127346038818359e-01
1.527832001447677612e-01
1.608757525682449341e-01
1.334441900253295898e-01
1.500910222530364990e-01
1.404934525489807129e-01
1.619534194469451904e-01
1.555944830179214478e-01
1.565986573696136475e-01
1.553037762641906738e-01
1.577836424112319946e-01
1.588461101055145264e-01
1.542076170444488525e-01
1.397195160388946533e-01
1.323236376047134399e-01
1.079602614045143127e-01
9.787206351757049561e-02
9.464624524116516113e-02
1.001034229993820190e-01
9.943788498640060425e-02
1.041862815618515015e-01
9.917117655277252197e-02
1.066536530852317810e-01
1.184167638421058655e-01
1.225460395216941833e-01
1.279525756835937500e-01
1.488709896802902222e-01
1.320902258157730103e-01
1.531358659267425537e-01
1.621645390987396240e-01
1.588598489761352539e-01
1.669256091117858887e-01
