1.083559393882751465e+00
1.040092587471008301e+00
1.016079425811767578e+00
1.059293627738952637e+00
1.015300273895263672e+00
1.063358664512634277e+00
1.029040575027465820e+00
1.059718728065490723e+00
1.052589416503906250e+00
1.019801497459411621e+00
1.017774462699890137e+00
1.089619636535644531e+00
1.048240542411804199e+00
1.048161625862121582e+00
9.708052873611450195e-01
1.016591310501098633e+00
9.816020727157592773e-01
9.743764400482177734e-01
9.359674453735351562e-01
9.855943918228149414e-01
1.001496315002441406e+00
1.028964281082153320e+00
1.000672698020935059e+00
1.034752964973449707e+00
1.031995773315429688e+00
1.079573392868041992e+00
1.024172067642211914e+00
1.032873392105102539e+00
1.045584917068481445e+00
1.038473367691040039e+00
1.039342164993286133e+00
1.025692343711853027e+00
1.074805498123168945e+00
1.015229225158691406e+00
1.083165407180786133e+00
1.027301788330078125e+00
1.039027333259582520e+00
9.971406459808349609e-01
9.963573217391967773e-01
9.922143220901489258e-01
9.344244003295898438e-01
1.042840719223022461e+00
1.021513581275939941e+00
1.031418919563293457e+00
1.001205325126647949e+00
9.863394498825073242e-01
9.733402729034423828e-01
1.070267319679260254e+00
9.797778129577636719e-01
9.941263198852539062e-01
9.988346099853515625e-01
1.033145666122436523e+00
9.914063215255737305e-01
1.114203810691833496e+00
1.103526830673217773e+00
1.087903022766113281e+00
9.749689102172851562e-01
9.929848909378051758e-01
9.992481470108032227e-01
1.046746253967285156e+00
1.147003531455993652e+00
9.272857904434204102e-01
1.009182810783386230e+00
9.232627153396606445e-01
9.619318246841430664e-01
9.768638610839843750e-01
1.052325606346130371e+00
1.008624911308288574e+00
9.970490932464599609e-01
1.025837540626525879e+00
9.597765207290649414e-01
9.869873523712158203e-01
9.947946071624755859e-01
1.028640627861022949e+00
1.012812733650207520e+00
9.648585319519042969e-01
1.030248165130615234e+00
1.069119453430175781e+00
1.127411127090454102e+00
1.044750213623046875e+00
1.052419066429138184e+00
9.739677906036376953e-01
1.008476138114929199e+00
9.993946552276611328e-01
1.150108337402343750e+00
1.000522732734680176e+00
9.610719680786132812e-01
9.961221218109130859e-01
1.013847947120666504e+00
9.478713274002075195e-01
1.014716982841491699e+00
1.011325955390930176e+00
1.010546088218688965e+00
9.934593439102172852e-01
9.884009361267089844e-01
9.591389894485473633e-01
9.958330392837524414e-01
1.044483661651611328e+00
1.015711903572082520e+00
9.503111839294433594e-01
1.032992124557495117e+00
1.073438405990600586e+00
1.121155142784118652e+00
1.058001875877380371e+00
9.968956708908081055e-01
1.017209649085998535e+00
1.033758997917175293e+00
1.070686101913452148e+00
1.135918855667114258e+00
9.841461181640625000e-01
1.026135802268981934e+00
8.910996913909912109e-01
9.626036882400512695e-01
9.192950725555419922e-01
1.051654815673828125e+00
1.025734901428222656e+00
9.800883531570434570e-01
9.397687911987304688e-01
9.375010728836059570e-01
9.668072462081909180e-01
9.515320062637329102e-01
9.645822048187255859e-01
1.086346149444580078e+00
9.615720510482788086e-01
9.684709310531616211e-01
9.772677421569824219e-01
1.046949028968811035e+00
1.102169990539550781e+00
1.132239580154418945e+00
1.078328728675842285e+00
1.066809177398681641e+00
1.014909267425537109e+00
1.012746334075927734e+00
1.027512073516845703e+00
1.083328008651733398e+00
1.088722705841064453e+00
1.055627942085266113e+00
1.037549138069152832e+00
1.055854082107543945e+00
1.011608004570007324e+00
9.958434104919433594e-01
1.088042616844177246e+00
1.032553672790527344e+00
1.028964996337890625e+00
1.024708271026611328e+00
1.067305803298950195e+00
1.027268528938293457e+00
1.053511500358581543e+00
1.037221074104309082e+00
1.051318287849426270e+00
1.029976248741149902e+00
1.143105506896972656e+00
1.056144714355468750e+00
9.781525135040283203e-01
1.023197174072265625e+00
1.065304517745971680e+00
1.014769792556762695e+00
1.063088297843933105e+00
1.000141263008117676e+00
1.036227822303771973e+00
9.587525129318237305e-01
9.631183147430419922e-01
9.726854562759399414e-01
9.419069290161132812e-01
1.010805845260620117e+00
1.003127217292785645e+00
9.665374755859375000e-01
9.240077733993530273e-01
1.098687648773193359e+00
1.049067020416259766e+00
1.062031507492065430e+00
1.041395068168640137e+00
1.064517021179199219e+00
1.030802726745605469e+00
9.781342744827270508e-01
1.029979944229125977e+00
9.840706586837768555e-01
1.042990207672119141e+00
1.037612915039062500e+00
1.092418670654296875e+00
1.071960926055908203e+00
1.040869474411010742e+00
1.007174372673034668e+00
9.867734909057617188e-01
9.955062866210937500e-01
9.595100879669189453e-01
9.610884189605712891e-01
1.002428054809570312e+00
1.010490775108337402e+00
1.002021670341491699e+00
9.730770587921142578e-01
9.945955276489257812e-01
1.029036521911621094e+00
1.060204386711120605e+00
1.094880223274230957e+00
1.049701452255249023e+00
1.067185521125793457e+00
9.837371110916137695e-01
1.049413561820983887e+00
1.094550609588623047e+00
1.081709623336791992e+00
1.019526243209838867e+00
1.044293403625488281e+00
1.017084717750549316e+00
1.024228453636169434e+00
1.056567549705505371e+00
1.039032578468322754e+00
1.005593419075012207e+00
9.928549528121948242e-01
1.009812474250793457e+00
1.012978911399841309e+00
9.293422698974609375e-01
9.730299711227416992e-01
1.006258964538574219e+00
1.028870344161987305e+00
1.017869591712951660e+00
1.041672110557556152e+00
1.007633447647094727e+00
1.042365431785583496e+00
1.055612683296203613e+00
1.084219217300415039e+00
9.776858091354370117e-01
1.063998579978942871e+00
1.051584839820861816e+00
1.056351065635681152e+00
1.031782507896423340e+00
1.028000593185424805e+00
9.565571546554565430e-01
1.021692156791687012e+00
1.024810910224914551e+00
1.138156294822692871e+00
9.776873588562011719e-01
1.007183194160461426e+00
9.092980623245239258e-01
9.674936532974243164e-01
9.731818437576293945e-01
9.995306730270385742e-01
9.852172136306762695e-01
9.854335784912109375e-01
1.001536846160888672e+00
1.042298793792724609e+00
1.031821727752685547e+00
1.107991933822631836e+00
1.070825338363647461e+00
1.032720446586608887e+00
9.819109439849853516e-01
1.031121373176574707e+00
1.035253882408142090e+00
1.107130765914916992e+00
1.054621100425720215e+00
1.015727043151855469e+00
1.033473491668701172e+00
1.034257054328918457e+00
9.769208431243896484e-01
1.085806369781494141e+00
9.721330404281616211e-01
9.770281314849853516e-01
1.000779867172241211e+00
9.729189872741699219e-01
